
C:\usr\root\temp\J\J-Img\src>java -classpath ./lib/Jama.jar;./class/ Problem3 
First 5 entries:
 -5.864944  -1.332890   3.535009  -3.472471  -1.306040 
  2.966331  -4.136603   7.622356   2.702844   1.578080 
 -6.186248  -0.400264   0.874778  -3.714767  -0.403589 
 -4.071565   0.068609   2.490601   1.492403  -2.523188 
  5.334064  -2.584060   6.937803   4.404462  -1.201750 
100 singular values:
4.570055897026383
3.062866228320712
3.0188635414403624
3.0017548685298285
2.9873221714686933
2.9518367780083747
2.937528955990467
2.9232946176420618
2.914173561810794
2.894630355556844
2.888980319262837
2.880420232613668
2.863339221493117
2.852576041840495
2.8459796705703084
2.836227704564565
2.8161333875089247
2.8041915408712645
2.794826805088783
2.7913593816272133
2.7850144771411984
2.7680448876045305
2.7593427763328275
2.755586776486576
2.74939541808567
2.7315437925316415
2.7301425256044944
2.7185347289499306
2.709045744521349
2.7010581618586005
2.695237937997664
2.690713218764614
2.676893470210487
2.6714323499632933
2.659720622163279
2.649614482078766
2.645872362361629
2.6385178342210946
2.620018137675465
2.6179377539646294
2.6107984474623396
2.605606630021521
2.587298260646863
2.585521699757551
2.5760847241779343
2.5703472062784067
2.56099467494915
2.5538549331245135
2.548650900546707
2.5333754835677333
2.5317100661382326
2.514481945731422
2.5062861830914636
2.4954876725190793
2.4852888742130634
2.47842411035924
2.467767000782598
2.4647362763091576
2.4600386772788725
2.4509494943475882
2.4426584078393847
2.435845826546987
2.4268146938347157
2.4176606750012155
2.4135986303234285
2.4081322429783696
2.4017206326849627
2.397939266684399
2.3832785692449705
2.372930138000412
2.3719556717870107
2.364898707584754
2.3598720590601063
2.3491206940353133
2.332482913105794
2.330657292775122
2.3192762824354336
2.313060112743383
2.3027797804024996
2.2940070514448236
2.289836029444915
2.2805342244995406
2.2690372110017427
2.2574816096108896
2.240543467712785
2.2389291596174954
2.215157779576163
2.213691437360899
2.210244398030868
2.2025924352937554
2.188996175684205
2.172191893335121
2.1664816993490468
2.161533705811399
2.1592743616676207
2.1482509911577727
2.126953351113238
2.105879867543983
2.077794091734713
3.247361900759287E-15
