-5.864944433007119 -1.3328895800100162
2.9663314281362707 -4.136602678288688
-6.186247817561796 -0.4002636723111931
-4.07156542223724 0.06860915236205935
5.334063775473128 -2.5840595438046727
4.6044979781529065 -6.055874045272785
3.935268967360637 2.020327996531499
-4.491550031875226 0.42664256116227844
-5.207431389081547 0.9418631279498076
4.684321452253742 -1.4115735741647601
-4.911661088284707 -0.09157292594034924
-4.928413795707462 2.7766247768612478
-4.4370628240633465 2.1056990390327335
-5.230710597881366 0.09988901881690385
-4.528562376145559 2.0950820864936706
4.52550385199157 -3.7931229790410717
3.594779835371625 -1.023120198133374
-5.1171909895421965 -5.580918718638035
-4.291953655357065 -0.5031929982606609
4.9599159672050055 5.156773643684692
4.844686253560869 -4.489068482386693
3.7713735348150283 2.027626103207678
-5.049536233396284 -0.6779519578173698
-4.5276574303493575 -0.4730520098357544
-5.503258741550712 -0.7798590746827686
4.3097272927262855 1.502314520909205
5.213717601644762 -4.69371243453372
5.181934080190163 -3.5802636828941963
-4.983892186219491 -2.1520857693518285
4.497496717889975 1.5266500040419473
-5.0529866573657545 -3.107523494129175
-5.064097296734534 -0.7411497567458408
-5.64396415739603 0.1205906677631702
4.181406660387785 -2.639833785381158
-5.035692694247052 1.3791967848932813
5.086202406602719 -4.686576448285319
3.2354166658027603 4.738012723306255
-5.072616204856152 4.318656508270016
-3.1694606969310546 -1.5201563244785536
-4.620882595801234 3.1697125916639597
6.013922041168835 -1.0681158192150013
3.8759255479431363 5.284538522286473
-5.347911362914714 -1.6482958347632675
3.8507440001284228 8.301854114369632
-4.948974784256566 0.30331781423996074
3.664070866320143 2.5604136694338573
-4.063389676829917 0.8226055582103834
-5.684442884924138 -0.7923298198953066
-5.114184685939938 -0.9811332729867636
4.645207192293556 3.0383236648660934
4.303960022643757 5.0966064838015495
-4.662590857168896 -2.1515038742684616
3.791639181685721 4.253792534517891
-4.036067013421731 -4.157859598257132
4.253860781658362 -0.9982755081503991
-4.702236726075087 -3.2531099171273508
4.50726434276796 -4.723343659972552
-5.005427649513793 -1.3755768887539082
-4.575438874155119 -2.4798274551091577
-4.919720044895689 -3.4888642545656996
-5.351019532907582 -1.6049634168581806
4.0260482642523385 -4.072200261667725
3.9749094019287283 -1.8890800467953974
4.687834267361242 -1.2424278716258252
-5.995536050331273 1.2197376089221044
-4.608941723612516 1.1770567300678194
4.524785486923185 -2.715452334088595
-5.374231020059827 -2.565256006813795
-4.55053132014756 -0.4715210907246006
4.734948221434421 -3.6326423706609434
4.314300756782037 4.68041447302884
-3.933310980439495 -2.377108992529453
-3.6995381288600098 1.9280605777957067
5.329910096748839 -1.4844869525120616
3.4239135950733663 -4.540775079593273
2.606450835259555 1.8712635142969687
-4.642801484141672 -1.7848030574123044
-4.245000573614251 -1.1889809181143283
-4.5566950363058085 -1.4676656241468342
4.190360276603206 3.225152737284522
2.831000243004419 -1.6857917350725637
-4.452724792730123 -0.26864295424559376
-3.435568644189175 -1.4956398320503392
3.531273555413944 -4.020645639058009
-3.401074895026214 -2.864927217308799
3.916075879427801 -3.0444141859490346
-5.052932002525016 0.2761956592083893
3.4168177171388567 -4.010622077391979
3.2162051024987943 -3.6394916736396428
3.6845777295031694 -6.321886302633283
4.430755820857045 -4.261217901643687
4.203270076690957 3.8760428503691693
-3.6817199668795455 -2.4488172799392776
4.350640759896109 -1.0714260900678088
5.1380126680968266 7.581123192587262
3.916373141217307 -4.452110938131892
4.997130101225668 -2.768374750367088
-4.95980834435426 0.8312725514626713
-4.3107238764237055 0.600863234278207
4.691804231672369 6.137551324323446
