0.00  0.01  -0.01  0.01  0.01  0.01  -0.01  0.00  
-0.00  -0.00  0.00  -0.00  -0.00  -0.00  0.00  0.00  
0.00  0.00  -0.00  0.00  0.00  0.00  -0.00  0.00  
0.00  0.01  -0.01  0.01  0.01  0.01  -0.01  0.00  
0.00  0.01  -0.01  0.01  0.01  0.01  -0.01  0.00  
0.00  0.01  -0.01  0.01  0.01  0.01  -0.01  0.00  
0.00  0.01  -0.01  0.01  0.01  0.01  -0.01  0.00  
0.00  0.00  -0.00  0.00  0.00  0.00  -0.00  0.00  
-0.01  -0.02  0.02  -0.02  -0.02  -0.02  0.02  0.00  
-0.00  -0.01  0.01  -0.01  -0.01  -0.01  0.01  0.00  
-0.01  -0.02  0.02  -0.02  -0.02  -0.02  0.02  0.00  
-0.01  -0.03  0.03  -0.03  -0.03  -0.03  0.03  0.00  
-0.00  -0.01  0.01  -0.01  -0.01  -0.01  0.01  0.00  
0.00  0.01  -0.01  0.01  0.01  0.01  -0.01  0.00  
0.00  0.01  -0.01  0.01  0.01  0.01  -0.01  0.00  
-0.00  -0.00  0.00  -0.00  -0.00  -0.00  0.00  0.00  
-0.00  -0.01  0.01  -0.01  -0.01  -0.01  0.01  0.00  
-0.01  -0.02  0.02  -0.02  -0.02  -0.02  0.02  0.00  
-0.01  -0.04  0.04  -0.04  -0.04  -0.04  0.04  0.00  
-0.01  -0.04  0.04  -0.04  -0.04  -0.04  0.04  0.00  
-0.01  -0.10  -0.01  0.01  0.01  0.01  -0.01  0.00  
-0.01  -0.09  0.00  -0.00  -0.00  -0.00  0.00  0.00  
-0.01  -0.11  -0.02  0.02  0.02  0.02  -0.02  0.00  
-0.01  -0.12  -0.03  0.03  0.03  0.03  -0.03  0.00  
-0.01  -0.12  -0.03  0.03  0.03  0.03  -0.03  0.00  
-0.01  -0.10  -0.01  0.01  0.01  0.01  -0.01  0.00  
-0.01  -0.12  -0.03  0.03  0.03  0.03  -0.03  0.00  
-0.01  -0.14  -0.05  0.05  0.05  0.05  -0.05  0.00  
-0.01  -0.14  -0.05  0.05  0.05  0.05  -0.05  0.00  
-0.01  -0.14  -0.05  0.05  0.05  0.05  -0.05  0.00  
-0.01  -0.14  -0.05  0.05  0.05  0.05  -0.05  0.00  
-0.01  -0.14  -0.05  0.05  0.05  0.05  -0.05  0.00  
-0.01  -0.14  -0.05  0.05  0.05  0.05  -0.05  0.00  
-0.01  -0.12  -0.04  0.04  0.04  0.04  -0.04  0.00  
-0.01  -0.13  -0.04  0.04  0.04  0.04  -0.04  0.00  
-0.01  -0.12  -0.04  0.04  0.04  0.04  -0.04  0.00  
-0.01  -0.13  -0.04  0.04  0.04  0.04  -0.04  0.00  
-0.01  -0.15  -0.06  0.06  0.06  0.06  -0.06  0.00  
-0.01  -0.15  -0.06  0.06  0.06  0.06  -0.06  0.00  
-0.02  -0.12  -0.03  0.03  0.03  0.03  -0.08  0.00  
-0.02  -0.13  -0.04  0.04  0.04  0.04  -0.08  0.00  
-0.02  -0.13  -0.04  0.04  0.04  0.04  -0.08  0.00  
-0.02  -0.11  -0.02  0.02  0.02  0.02  -0.10  0.00  
-0.03  -0.10  -0.01  0.01  0.01  0.01  -0.11  0.00  
-0.03  -0.09  -0.00  0.00  0.00  0.00  -0.12  0.00  
-0.03  -0.08  0.01  -0.01  -0.01  -0.01  -0.10  0.00  
-0.03  -0.08  0.01  -0.01  -0.01  -0.01  -0.11  0.00  
-0.03  -0.06  0.03  -0.03  -0.03  -0.03  -0.09  0.00  
-0.03  -0.05  0.03  -0.03  -0.03  -0.03  -0.08  0.00  
-0.03  -0.06  0.03  -0.03  -0.03  -0.03  -0.09  0.00  
-0.03  -0.06  0.03  -0.03  -0.03  -0.03  -0.09  0.00  
-0.03  -0.05  0.03  -0.03  -0.03  -0.03  -0.08  0.00  
-0.03  -0.05  0.04  -0.04  -0.04  -0.04  -0.08  0.00  
-0.03  -0.03  0.06  -0.06  -0.06  -0.06  -0.06  0.00  
-0.03  -0.04  0.05  -0.05  -0.05  -0.05  -0.07  0.00  
-0.03  -0.07  0.02  -0.02  -0.02  -0.02  -0.10  0.00  
-0.03  -0.06  0.03  -0.02  -0.03  -0.03  -0.08  0.00  
-0.03  -0.05  0.04  -0.02  -0.04  -0.04  -0.07  0.00  
-0.03  -0.07  0.02  -0.02  -0.02  -0.02  -0.09  0.00  
-0.03  -0.07  0.01  -0.02  -0.01  -0.01  -0.10  0.00  
-0.03  -0.09  -0.00  -0.02  0.00  0.00  -0.12  0.00  
-0.03  -0.09  0.00  -0.02  -0.00  -0.00  -0.12  0.00  
-0.03  -0.07  0.02  -0.02  -0.02  -0.02  -0.10  0.00  
-0.03  -0.09  -0.00  -0.02  0.00  0.00  -0.12  0.00  
-0.03  -0.08  0.01  -0.02  -0.01  -0.01  -0.11  0.00  
-0.03  -0.07  0.02  -0.02  -0.02  -0.02  -0.10  0.00  
-0.03  -0.05  0.04  -0.02  -0.04  -0.04  -0.08  0.00  
-0.03  -0.05  0.04  -0.02  -0.04  -0.04  -0.08  0.00  
-0.02  -0.04  0.05  -0.02  -0.05  -0.05  -0.07  0.00  
-0.02  -0.03  0.06  -0.02  -0.06  -0.06  -0.06  0.00  
-0.02  -0.03  0.06  -0.02  -0.06  -0.06  -0.06  0.00  
-0.02  -0.02  0.07  -0.02  -0.07  -0.07  -0.05  0.00  
-0.02  -0.02  0.06  -0.02  -0.06  -0.06  -0.05  0.00  
-0.02  -0.01  0.08  -0.02  -0.08  -0.08  -0.04  0.00  
-0.02  -0.03  0.06  -0.02  -0.06  -0.06  -0.06  0.00  
-0.02  -0.02  0.07  -0.02  -0.07  -0.07  -0.05  0.00  
-0.02  0.01  0.09  -0.02  -0.09  -0.09  -0.02  0.00  
-0.02  0.00  0.09  -0.02  -0.09  -0.09  -0.03  0.00  
-0.02  0.01  0.10  -0.01  -0.10  -0.10  -0.02  0.00  
-0.01  0.03  0.12  0.01  -0.12  -0.12  0.00  0.00  
-0.01  0.03  0.12  0.01  -0.12  -0.12  -0.00  0.00  
-0.01  0.04  0.13  0.02  -0.13  -0.13  0.01  0.00  
-0.01  0.03  0.12  0.01  -0.12  -0.12  0.01  0.00  
-0.01  0.03  0.12  0.01  -0.12  -0.12  0.00  0.00  
-0.01  0.03  0.12  0.01  -0.12  -0.12  0.00  0.00  
-0.01  0.03  0.12  0.01  -0.12  -0.12  0.01  0.00  
-0.00  0.06  0.15  0.04  -0.15  -0.15  0.03  0.00  
-0.00  0.06  0.15  0.04  -0.15  -0.15  0.03  0.00  
-0.00  0.06  0.15  0.04  -0.15  -0.15  0.03  0.00  
0.00  0.07  0.16  0.05  -0.16  -0.16  0.04  0.00  
0.00  0.08  0.17  0.06  -0.17  -0.17  0.05  0.00  
0.00  0.07  0.16  0.05  -0.16  -0.16  0.04  0.00  
0.00  0.07  0.16  0.05  -0.16  -0.16  0.04  0.00  
0.01  0.09  0.18  0.07  -0.18  -0.18  0.06  0.00  
0.01  0.11  0.20  0.05  -0.20  -0.20  0.08  0.00  
0.01  0.12  0.20  0.04  -0.20  -0.20  0.09  0.00  
0.01  0.09  0.18  0.06  -0.18  -0.18  0.07  0.00  
0.01  0.10  0.19  0.06  -0.19  -0.19  0.07  0.00  
0.01  0.02  0.11  0.14  -0.11  -0.11  -0.01  0.00  
0.01  0.01  0.09  0.15  -0.09  -0.09  -0.02  0.00  
0.01  0.03  0.11  0.13  -0.11  -0.11  -0.00  0.00  
0.01  0.03  0.12  0.13  -0.12  -0.12  -0.00  0.00  
0.01  0.04  0.13  0.12  -0.13  -0.13  0.01  0.00  
0.01  0.06  0.15  0.10  -0.15  -0.15  0.03  0.00  
0.01  0.05  0.13  0.11  -0.13  -0.13  0.02  0.00  
0.01  0.05  0.14  0.11  -0.14  -0.14  0.02  0.00  
0.01  0.02  0.11  0.14  -0.11  -0.11  -0.01  0.00  
0.01  0.03  0.12  0.13  -0.12  -0.12  0.00  0.00  
0.01  0.03  0.12  0.13  -0.12  -0.12  0.00  0.00  
0.01  0.04  0.13  0.12  -0.13  -0.13  0.01  0.00  
0.01  0.03  0.12  0.13  -0.12  -0.12  0.00  0.00  
0.01  0.01  0.10  0.15  -0.10  -0.10  -0.02  0.00  
0.01  0.03  0.11  0.13  -0.11  -0.11  -0.00  0.00  
0.01  0.03  0.12  0.13  -0.12  -0.12  0.00  0.00  
0.01  0.05  0.14  0.11  -0.14  -0.14  0.02  0.00  
0.01  0.07  0.16  0.08  -0.16  -0.16  0.05  0.00  
0.01  0.07  0.17  0.08  -0.17  -0.16  0.05  0.00  
0.01  0.06  0.18  0.07  -0.18  -0.15  0.06  0.00  
0.01  0.05  0.18  0.06  -0.18  -0.14  0.07  0.00  
0.01  0.06  0.18  0.07  -0.18  -0.15  0.06  0.00  
0.01  0.04  0.20  0.05  -0.20  -0.13  0.08  0.00  
0.01  0.03  0.21  0.04  -0.21  -0.12  0.09  0.00  
0.01  0.07  0.17  0.08  -0.17  -0.15  0.06  0.00  
0.01  0.06  0.18  0.07  -0.18  -0.15  0.06  0.00  
0.01  0.06  0.18  0.07  -0.18  -0.15  0.06  0.00  
0.01  0.05  0.19  0.06  -0.19  -0.13  0.07  0.00  
0.01  0.03  0.21  0.04  -0.21  -0.12  0.09  0.00  
0.01  0.03  0.20  0.04  -0.20  -0.12  0.09  0.00  
0.01  0.04  0.20  0.05  -0.20  -0.13  0.08  0.00  
0.01  0.04  0.20  0.05  -0.20  -0.13  0.08  0.00  
0.01  0.07  0.17  0.08  -0.17  -0.15  0.06  0.00  
0.01  0.06  0.17  0.07  -0.17  -0.15  0.06  0.00  
0.01  0.09  0.15  0.10  -0.15  -0.18  0.03  0.00  
0.01  0.11  0.13  0.12  -0.13  -0.20  0.01  0.00  
0.01  0.10  0.13  0.11  -0.13  -0.19  0.02  0.00  
0.01  0.10  0.14  0.11  -0.14  -0.19  0.02  0.00  
0.01  0.11  0.13  0.12  -0.13  -0.19  0.02  0.00  
0.00  0.12  0.12  0.13  -0.15  -0.21  0.00  0.00  
0.00  0.12  0.12  0.13  -0.15  -0.21  0.00  0.00  
0.00  0.12  0.12  0.13  -0.14  -0.21  0.00  0.00  
-0.00  0.14  0.10  0.15  -0.17  -0.23  0.00  0.00  
-0.00  0.15  0.09  0.16  -0.18  -0.24  0.00  0.00  
-0.00  0.16  0.08  0.17  -0.19  -0.25  0.00  0.00  
-0.00  0.17  0.06  0.18  -0.20  -0.26  0.01  0.00  
-0.00  0.19  0.05  0.20  -0.22  -0.28  0.03  0.00  
-0.00  0.18  0.06  0.19  -0.20  -0.26  0.01  0.00  
-0.00  0.19  0.05  0.20  -0.22  -0.28  0.03  0.00  
-0.00  0.18  0.05  0.19  -0.21  -0.27  0.02  0.00  
-0.00  0.20  0.04  0.21  -0.22  -0.29  0.04  0.00  
-0.00  0.16  0.08  0.17  -0.18  -0.25  -0.00  0.00  
-0.00  0.16  0.08  0.17  -0.19  -0.25  -0.00  0.00  
-0.00  0.17  0.07  0.18  -0.19  -0.26  0.01  0.00  
-0.00  0.16  0.08  0.17  -0.19  -0.25  -0.00  0.00  
-0.00  0.18  0.06  0.19  -0.20  -0.26  0.01  0.00  
-0.00  0.18  0.06  0.19  -0.21  -0.27  0.02  0.00  
-0.00  0.18  0.06  0.19  -0.21  -0.27  0.02  0.00  
-0.00  0.16  0.07  0.17  -0.19  -0.25  0.00  0.00  
-0.00  0.16  0.08  0.17  -0.18  -0.25  -0.00  0.00  
-0.00  0.17  0.07  0.18  -0.20  -0.26  0.01  0.00  
-0.00  0.19  0.05  0.20  -0.22  -0.28  0.03  0.00  
-0.00  0.19  0.05  0.20  -0.22  -0.28  0.03  0.00  
-0.00  0.20  0.06  0.21  -0.23  -0.29  0.04  0.00  
-0.01  0.18  0.04  0.19  -0.21  -0.27  0.02  0.00  
-0.00  0.20  0.06  0.21  -0.22  -0.29  0.04  0.00  
-0.00  0.20  0.06  0.21  -0.22  -0.29  0.04  0.00  
-0.00  0.19  0.05  0.20  -0.22  -0.28  0.03  0.00  
-0.00  0.19  0.05  0.20  -0.22  -0.28  0.03  0.00  
0.00  0.21  0.07  0.22  -0.24  -0.30  0.05  0.00  
0.00  0.22  0.07  0.23  -0.24  -0.31  0.06  0.00  
0.00  0.22  0.07  0.23  -0.24  -0.31  0.06  0.00  
0.00  0.21  0.07  0.22  -0.24  -0.30  0.05  0.00  
0.00  0.22  0.08  0.23  -0.25  -0.31  0.06  0.00  
0.00  0.21  0.07  0.22  -0.24  -0.30  0.05  0.00  
-0.00  0.19  0.05  0.20  -0.22  -0.28  0.03  0.00  
-0.01  0.17  0.03  0.18  -0.20  -0.26  0.01  0.00  
-0.01  0.16  0.02  0.17  -0.19  -0.25  0.01  0.00  
-0.01  0.16  0.02  0.17  -0.19  -0.25  0.01  0.00  
-0.01  0.15  0.00  0.16  -0.17  -0.23  0.01  0.00  
-0.01  0.14  0.00  0.15  -0.17  -0.23  0.01  0.00  
-0.01  0.17  0.02  0.18  -0.19  -0.25  0.01  0.00  
-0.01  0.17  0.02  0.18  -0.19  -0.25  0.01  0.00  
-0.01  0.15  0.01  0.16  -0.18  -0.24  0.01  0.00  
-0.01  0.17  0.02  0.18  -0.19  -0.26  0.01  0.00  
-0.01  0.17  0.03  0.18  -0.20  -0.26  0.01  0.00  
-0.01  0.16  0.02  0.17  -0.19  -0.25  0.01  0.00  
-0.01  0.15  0.01  0.16  -0.18  -0.24  0.01  0.00  
-0.01  0.14  0.00  0.15  -0.17  -0.23  0.01  0.00  
-0.01  0.15  0.01  0.16  -0.18  -0.24  -0.00  0.00  
-0.01  0.15  0.00  0.16  -0.17  -0.24  0.01  0.00  
-0.01  0.15  0.01  0.16  -0.17  -0.24  0.00  0.00  
-0.01  0.15  0.01  0.16  -0.18  -0.24  -0.00  0.00  
-0.01  0.15  0.01  0.16  -0.18  -0.24  -0.00  0.00  
-0.01  0.14  -0.01  0.15  -0.16  -0.22  0.02  0.00  
-0.01  0.11  -0.03  0.12  -0.14  -0.20  0.04  0.00  
-0.01  0.11  -0.03  0.12  -0.14  -0.20  0.04  0.00  
-0.01  0.10  -0.04  0.11  -0.12  -0.19  0.05  0.00  
-0.01  0.11  -0.03  0.12  -0.14  -0.20  0.04  0.00  
-0.01  0.11  -0.04  0.12  -0.13  -0.20  0.05  0.00  
-0.01  0.12  -0.02  0.13  -0.15  -0.18  0.03  0.00  
-0.01  0.11  -0.03  0.12  -0.14  -0.19  0.04  0.00  
-0.01  0.12  -0.03  0.13  -0.14  -0.19  0.04  0.00  
-0.01  0.12  -0.03  0.13  -0.14  -0.19  0.04  0.00  
-0.01  0.13  -0.02  0.13  -0.15  -0.18  0.03  0.00  
-0.01  0.12  -0.02  0.13  -0.15  -0.18  0.03  0.00  
-0.01  0.11  -0.04  0.12  -0.13  -0.20  0.05  0.00  
-0.01  0.11  -0.04  0.12  -0.13  -0.20  0.05  0.00  
-0.01  0.11  -0.04  0.12  -0.13  -0.20  0.05  0.00  
-0.01  0.10  -0.04  0.11  -0.13  -0.20  0.05  0.00  
-0.01  0.11  -0.03  0.12  -0.14  -0.19  0.04  0.00  
-0.01  0.11  -0.03  0.12  -0.14  -0.19  0.04  0.00  
-0.01  0.13  -0.01  0.14  -0.16  -0.17  0.02  0.00  
-0.01  0.13  -0.01  0.14  -0.16  -0.17  0.02  0.00  
-0.01  0.11  -0.03  0.12  -0.14  -0.19  0.04  0.00  
-0.01  0.12  -0.02  0.13  -0.15  -0.18  0.03  0.00  
-0.01  0.13  -0.01  0.14  -0.15  -0.17  0.02  0.00  
-0.01  0.13  -0.01  0.14  -0.16  -0.17  0.02  0.00  
-0.01  0.13  -0.02  0.14  -0.15  -0.18  0.03  0.00  
-0.01  0.11  -0.03  0.12  -0.14  -0.19  0.04  0.00  
-0.01  0.12  -0.03  0.13  -0.14  -0.19  0.04  0.00  
-0.01  0.11  -0.03  0.12  -0.14  -0.19  0.04  0.00  
-0.01  0.11  -0.03  0.12  -0.14  -0.19  0.04  0.00  
-0.02  0.10  -0.05  0.11  -0.12  -0.21  0.06  0.00  
-0.01  0.10  -0.04  0.11  -0.13  -0.20  0.05  0.00  
-0.01  0.12  -0.03  0.13  -0.14  -0.19  0.04  0.00  
-0.01  0.11  -0.03  0.12  -0.14  -0.19  0.04  0.00  
-0.01  0.13  -0.01  0.14  -0.15  -0.17  0.02  0.00  
-0.01  0.13  -0.01  0.14  -0.16  -0.17  0.02  0.00  
-0.01  0.13  -0.01  0.14  -0.16  -0.17  0.02  0.00  
-0.00  0.14  -0.00  0.15  -0.17  -0.16  0.01  0.00  
-0.00  0.14  -0.01  0.15  -0.16  -0.16  0.01  0.00  
-0.00  0.14  -0.00  0.15  -0.17  -0.16  0.01  0.00  
-0.00  0.14  0.00  0.15  -0.17  -0.16  0.01  0.00  
-0.00  0.15  0.01  0.16  -0.17  -0.15  0.00  0.00  
-0.00  0.14  0.00  0.15  -0.17  -0.16  0.01  0.00  
-0.00  0.15  0.00  0.16  -0.17  -0.15  0.00  0.00  
0.00  0.16  0.01  0.17  -0.18  -0.15  -0.00  0.00  
0.00  0.17  0.02  0.18  -0.19  -0.14  -0.00  0.00  
0.00  0.16  0.02  0.17  -0.19  -0.14  -0.01  0.00  
0.00  0.17  0.02  0.18  -0.19  -0.14  -0.00  0.00  
0.01  0.18  0.03  0.19  -0.20  -0.12  0.01  0.00  
0.01  0.17  0.03  0.18  -0.20  -0.13  -0.00  0.00  
0.02  0.19  0.04  0.20  -0.21  -0.12  0.02  0.00  
0.02  0.20  0.06  0.21  -0.23  -0.10  0.03  0.00  
0.03  0.21  0.07  0.22  -0.24  -0.09  0.04  0.00  
0.03  0.22  0.07  0.23  -0.24  -0.09  0.05  0.00  
0.04  0.22  0.08  0.23  -0.25  -0.08  0.05  0.00  
0.03  0.21  0.07  0.22  -0.24  -0.09  0.04  0.00  
0.04  0.22  0.08  0.23  -0.25  -0.08  0.05  0.00  
0.04  0.22  0.08  0.23  -0.25  -0.08  0.05  0.00  
0.03  0.21  0.06  0.22  -0.23  -0.10  0.04  0.00  
0.03  0.21  0.07  0.22  -0.24  -0.09  0.04  0.00  
0.04  0.23  0.09  0.24  -0.26  -0.07  0.06  0.00  
0.05  0.24  0.10  0.25  -0.27  -0.06  0.07  0.00  
0.05  0.25  0.11  0.26  -0.27  -0.05  0.08  0.00  
0.05  0.25  0.11  0.26  -0.27  -0.05  0.08  0.00  
0.05  0.25  0.10  0.26  -0.27  -0.06  0.08  0.00  
0.05  0.25  0.11  0.26  -0.28  -0.05  0.08  0.00  
0.07  0.27  0.13  0.28  -0.30  -0.03  0.10  0.00  
0.06  0.27  0.13  0.28  -0.30  -0.03  0.10  0.00  
0.07  0.28  0.13  0.29  -0.30  -0.03  0.11  0.00  
0.06  0.26  0.12  0.27  -0.29  -0.04  0.09  0.00  
0.06  0.27  0.13  0.28  -0.30  -0.03  0.10  0.00  
0.06  0.27  0.12  0.28  -0.29  -0.03  0.10  0.00  
0.07  0.27  0.13  0.28  -0.30  -0.03  0.10  0.00  
0.07  0.28  0.14  0.29  -0.31  -0.02  0.11  0.00  
0.06  0.26  0.12  0.27  -0.29  -0.04  0.09  0.00  
0.06  0.26  0.11  0.27  -0.28  -0.04  0.09  0.00  
0.06  0.26  0.12  0.27  -0.28  -0.04  0.09  0.00  
0.07  0.27  0.13  0.28  -0.30  -0.03  0.10  0.00  
0.06  0.27  0.13  0.28  -0.30  -0.03  0.10  0.00  
0.07  0.27  0.13  0.28  -0.30  -0.03  0.10  0.00  
0.07  0.28  0.14  0.29  -0.31  -0.02  0.11  0.00  
0.07  0.28  0.14  0.29  -0.31  -0.02  0.11  0.00  
0.07  0.28  0.14  0.29  -0.31  -0.02  0.11  0.00  
0.07  0.29  0.15  0.30  -0.31  -0.01  0.12  0.00  
0.07  0.27  0.13  0.28  -0.33  0.00  0.10  0.00  
0.07  0.28  0.14  0.29  -0.32  -0.00  0.11  0.00  
0.07  0.27  0.13  0.28  -0.33  -0.00  0.10  0.00  
0.05  0.25  0.11  0.26  -0.35  0.02  0.08  0.00  
0.05  0.24  0.10  0.25  -0.36  0.03  0.07  0.00  
0.05  0.24  0.10  0.25  -0.36  0.03  0.07  0.00  
0.05  0.24  0.10  0.25  -0.36  0.03  0.07  0.00  
0.05  0.25  0.11  0.26  -0.35  0.02  0.08  0.00  
0.05  0.25  0.11  0.26  -0.35  0.02  0.08  0.00  
0.06  0.26  0.12  0.27  -0.34  0.01  0.09  0.00  
0.06  0.26  0.12  0.27  -0.34  0.01  0.09  0.00  
0.06  0.26  0.12  0.27  -0.34  0.01  0.09  0.00  
0.07  0.27  0.13  0.28  -0.33  0.00  0.10  0.00  
0.07  0.28  0.13  0.29  -0.33  -0.00  0.11  0.00  
0.07  0.28  0.14  0.29  -0.32  -0.01  0.11  0.00  
0.07  0.28  0.14  0.29  -0.32  -0.01  0.11  0.00  
0.07  0.28  0.14  0.29  -0.32  -0.00  0.11  0.00  
0.07  0.28  0.14  0.29  -0.32  -0.01  0.11  0.00  
0.07  0.28  0.14  0.29  -0.32  -0.01  0.11  0.00  
0.07  0.29  0.14  0.30  -0.32  -0.01  0.12  0.00  
0.07  0.28  0.14  0.29  -0.32  -0.00  0.11  0.00  
0.07  0.28  0.14  0.29  -0.32  -0.01  0.11  0.00  
0.08  0.30  0.16  0.31  -0.30  -0.02  0.13  0.00  
0.08  0.31  0.16  0.32  -0.30  -0.03  0.14  0.00  
0.09  0.31  0.17  0.32  -0.29  -0.04  0.14  0.00  
0.09  0.31  0.17  0.32  -0.29  -0.04  0.14  0.00  
0.09  0.32  0.17  0.33  -0.29  -0.04  0.15  0.00  
0.10  0.33  0.18  0.34  -0.27  -0.05  0.16  0.00  
0.10  0.33  0.19  0.34  -0.27  -0.06  0.16  0.00  
0.10  0.33  0.19  0.34  -0.27  -0.05  0.16  0.00  
0.09  0.31  0.16  0.32  -0.29  -0.03  0.14  0.00  
0.10  0.33  0.19  0.34  -0.27  -0.05  0.16  0.00  
0.11  0.34  0.20  0.35  -0.26  -0.07  0.17  0.00  
0.11  0.35  0.20  0.36  -0.26  -0.07  0.18  0.00  
0.11  0.35  0.21  0.36  -0.25  -0.08  0.18  0.00  
0.11  0.35  0.20  0.36  -0.26  -0.07  0.18  0.00  
0.12  0.37  0.23  0.38  -0.23  -0.09  0.20  0.00  
0.12  0.36  0.22  0.37  -0.24  -0.09  0.19  0.00  
0.11  0.36  0.21  0.37  -0.25  -0.08  0.19  0.00  
0.12  0.37  0.23  0.38  -0.23  -0.10  0.20  0.00  
0.12  0.37  0.23  0.38  -0.23  -0.09  0.20  0.00  
0.13  0.39  0.24  0.40  -0.22  -0.11  0.22  0.00  
0.15  0.42  0.28  0.43  -0.18  -0.15  0.25  0.00  
0.16  0.45  0.30  0.46  -0.20  -0.17  0.28  0.00  
0.16  0.46  0.31  0.47  -0.21  -0.18  0.29  0.00  
0.16  0.45  0.31  0.46  -0.20  -0.18  0.28  0.00  
0.17  0.49  0.35  0.50  -0.25  -0.22  0.32  0.00  
0.18  0.53  0.39  0.54  -0.28  -0.26  0.36  0.00  
0.17  0.50  0.36  0.51  -0.25  -0.22  0.33  0.00  
0.18  0.51  0.36  0.52  -0.26  -0.23  0.34  0.00  
0.17  0.50  0.36  0.51  -0.26  -0.23  0.33  0.00  
0.18  0.53  0.38  0.54  -0.28  -0.25  0.36  0.00  
0.18  0.53  0.38  0.54  -0.28  -0.25  0.36  0.00  
0.17  0.49  0.35  0.50  -0.25  -0.22  0.32  0.00  
0.17  0.48  0.34  0.49  -0.24  -0.21  0.31  0.00  
0.17  0.49  0.34  0.50  -0.24  -0.21  0.32  0.00  
0.17  0.50  0.36  0.51  -0.25  -0.23  0.33  0.00  
0.18  0.52  0.38  0.53  -0.27  -0.25  0.35  0.00  
0.18  0.53  0.38  0.54  -0.28  -0.25  0.36  0.00  
0.18  0.52  0.37  0.53  -0.27  -0.24  0.35  0.00  
0.19  0.54  0.40  0.55  -0.30  -0.27  0.37  0.00  
0.18  0.53  0.39  0.56  -0.30  -0.26  0.36  0.00  
0.19  0.54  0.40  0.55  -0.30  -0.27  0.37  0.00  
0.18  0.54  0.40  0.55  -0.30  -0.26  0.37  0.00  
0.17  0.48  0.34  0.61  -0.35  -0.21  0.31  0.00  
0.17  0.49  0.34  0.61  -0.35  -0.21  0.32  0.00  
0.16  0.46  0.32  0.63  -0.38  -0.19  0.29  0.00  
0.16  0.46  0.32  0.63  -0.38  -0.19  0.29  0.00  
0.16  0.46  0.32  0.64  -0.38  -0.18  0.29  0.00  
0.16  0.45  0.30  0.65  -0.39  -0.17  0.28  0.00  
0.16  0.45  0.31  0.65  -0.39  -0.17  0.28  0.00  
0.17  0.47  0.33  0.62  -0.36  -0.20  0.30  0.00  
0.17  0.48  0.34  0.61  -0.36  -0.21  0.31  0.00  
0.17  0.49  0.34  0.61  -0.35  -0.21  0.32  0.00  
0.17  0.49  0.35  0.60  -0.35  -0.22  0.32  0.00  
0.17  0.49  0.35  0.61  -0.35  -0.21  0.32  0.00  
0.17  0.49  0.35  0.60  -0.34  -0.22  0.32  0.00  
0.18  0.51  0.37  0.58  -0.33  -0.24  0.34  0.00  
0.18  0.51  0.37  0.58  -0.32  -0.24  0.34  0.00  
0.18  0.51  0.37  0.58  -0.32  -0.24  0.34  0.00  
0.18  0.53  0.39  0.56  -0.30  -0.26  0.36  0.00  
0.18  0.53  0.39  0.56  -0.30  -0.26  0.36  0.00  
0.19  0.55  0.41  0.54  -0.29  -0.28  0.38  0.00  
0.19  0.54  0.40  0.55  -0.30  -0.27  0.37  0.00  
0.19  0.56  0.42  0.53  -0.28  -0.29  0.39  0.00  
0.20  0.58  0.43  0.52  -0.26  -0.30  0.41  0.00  
0.19  0.57  0.43  0.52  -0.27  -0.29  0.40  0.00  
0.19  0.57  0.43  0.52  -0.27  -0.30  0.40  0.00  
0.20  0.58  0.44  0.52  -0.26  -0.30  0.41  0.00  
0.20  0.57  0.43  0.52  -0.26  -0.30  0.40  0.00  
0.18  0.52  0.38  0.57  -0.31  -0.25  0.35  0.00  
0.18  0.53  0.39  0.56  -0.31  -0.26  0.36  0.00  
0.19  0.54  0.40  0.55  -0.30  -0.27  0.37  0.00  
0.19  0.54  0.40  0.55  -0.30  -0.27  0.37  0.00  
0.18  0.52  0.38  0.58  -0.32  -0.24  0.35  0.00  
0.18  0.52  0.38  0.57  -0.31  -0.25  0.35  0.00  
0.18  0.53  0.39  0.56  -0.31  -0.26  0.36  0.00  
0.18  0.53  0.39  0.56  -0.31  -0.26  0.36  0.00  
0.19  0.54  0.40  0.55  -0.30  -0.27  0.37  0.00  
0.19  0.54  0.40  0.55  -0.29  -0.27  0.37  0.00  
0.18  0.54  0.39  0.56  -0.30  -0.26  0.37  0.00  
0.18  0.53  0.39  0.57  -0.31  -0.25  0.36  0.00  
0.17  0.50  0.36  0.60  -0.34  -0.22  0.33  0.00  
0.17  0.49  0.35  0.60  -0.35  -0.22  0.32  0.00  
0.17  0.49  0.35  0.60  -0.35  -0.22  0.32  0.00  
0.17  0.49  0.35  0.60  -0.35  -0.22  0.32  0.00  
0.16  0.47  0.33  0.62  -0.37  -0.24  0.30  0.00  
0.15  0.46  0.31  0.64  -0.38  -0.25  0.30  0.00  
0.16  0.48  0.34  0.62  -0.36  -0.23  0.30  0.00  
0.16  0.48  0.33  0.62  -0.36  -0.23  0.30  0.00  
0.17  0.49  0.35  0.60  -0.34  -0.21  0.29  0.00  
0.17  0.49  0.35  0.60  -0.34  -0.21  0.29  0.00  
0.16  0.47  0.33  0.62  -0.37  -0.24  0.31  0.00  
0.17  0.49  0.35  0.61  -0.35  -0.22  0.29  0.00  
0.17  0.50  0.36  0.59  -0.34  -0.21  0.28  0.00  
0.17  0.49  0.35  0.60  -0.35  -0.22  0.29  0.00  
0.17  0.49  0.35  0.60  -0.35  -0.22  0.29  0.00  
0.17  0.49  0.35  0.60  -0.35  -0.22  0.29  0.00  
0.17  0.50  0.36  0.59  -0.34  -0.21  0.28  0.00  
0.17  0.50  0.36  0.60  -0.34  -0.21  0.28  0.00  
0.17  0.50  0.36  0.59  -0.33  -0.20  0.28  0.00  
0.17  0.50  0.36  0.59  -0.33  -0.20  0.28  0.00  
0.18  0.52  0.38  0.57  -0.32  -0.19  0.26  0.00  
0.18  0.52  0.38  0.57  -0.32  -0.19  0.26  0.00  
0.18  0.52  0.38  0.57  -0.31  -0.18  0.26  0.00  
0.18  0.53  0.38  0.57  -0.31  -0.18  0.26  0.00  
0.17  0.51  0.37  0.58  -0.32  -0.19  0.26  0.00  
0.18  0.53  0.38  0.59  -0.34  -0.18  0.26  0.00  
0.18  0.53  0.39  0.60  -0.34  -0.18  0.26  0.00  
0.18  0.53  0.39  0.60  -0.35  -0.17  0.26  0.00  
0.18  0.53  0.39  0.60  -0.34  -0.18  0.26  0.00  
0.18  0.53  0.39  0.60  -0.34  -0.18  0.26  0.00  
0.18  0.54  0.39  0.60  -0.35  -0.17  0.26  0.00  
0.19  0.55  0.41  0.62  -0.36  -0.16  0.27  0.00  
0.19  0.54  0.40  0.61  -0.36  -0.16  0.27  0.00  
0.19  0.55  0.40  0.61  -0.36  -0.16  0.27  0.00  
0.20  0.56  0.42  0.63  -0.37  -0.14  0.29  0.00  
0.20  0.57  0.43  0.64  -0.38  -0.14  0.30  0.00  
0.20  0.57  0.43  0.64  -0.38  -0.14  0.30  0.00  
0.20  0.57  0.43  0.64  -0.38  -0.14  0.30  0.00  
0.20  0.57  0.43  0.64  -0.39  -0.13  0.30  0.00  
0.20  0.57  0.42  0.63  -0.38  -0.14  0.29  0.00  
0.20  0.56  0.42  0.63  -0.38  -0.14  0.29  0.00  
0.20  0.56  0.42  0.63  -0.37  -0.15  0.28  0.00  
0.20  0.57  0.42  0.63  -0.38  -0.14  0.29  0.00  
0.20  0.57  0.43  0.64  -0.38  -0.14  0.30  0.00  
0.21  0.58  0.44  0.65  -0.39  -0.13  0.31  0.00  
0.22  0.60  0.46  0.67  -0.41  -0.11  0.33  0.00  
0.22  0.60  0.46  0.67  -0.41  -0.11  0.33  0.00  
0.22  0.60  0.46  0.67  -0.41  -0.11  0.33  0.00  
0.22  0.60  0.45  0.66  -0.42  -0.11  0.32  0.00  
0.22  0.60  0.46  0.67  -0.41  -0.11  0.33  0.00  
0.21  0.59  0.45  0.66  -0.42  -0.12  0.32  0.00  
0.21  0.59  0.45  0.66  -0.42  -0.12  0.31  0.00  
0.22  0.60  0.46  0.67  -0.41  -0.11  0.33  0.00  
0.22  0.60  0.46  0.67  -0.41  -0.10  0.33  0.00  
0.22  0.60  0.46  0.67  -0.41  -0.10  0.33  0.00  
0.21  0.59  0.44  0.65  -0.43  -0.12  0.31  0.00  
0.23  0.61  0.47  0.68  -0.40  -0.10  0.34  0.00  
0.23  0.61  0.47  0.68  -0.40  -0.10  0.34  0.00  
0.23  0.61  0.47  0.68  -0.40  -0.09  0.34  0.00  
0.23  0.61  0.47  0.68  -0.40  -0.10  0.34  0.00  
0.23  0.61  0.47  0.68  -0.40  -0.09  0.34  0.00  
0.24  0.63  0.49  0.70  -0.38  -0.08  0.36  0.00  
0.25  0.64  0.50  0.71  -0.37  -0.07  0.37  0.00  
0.25  0.64  0.49  0.70  -0.38  -0.07  0.36  0.00  
0.26  0.64  0.50  0.71  -0.37  -0.06  0.37  0.00  
0.27  0.66  0.51  0.72  -0.36  -0.05  0.38  0.00  
0.27  0.66  0.51  0.72  -0.35  -0.05  0.38  0.00  
0.26  0.64  0.50  0.71  -0.37  -0.06  0.37  0.00  
0.27  0.66  0.52  0.73  -0.35  -0.05  0.39  0.00  
0.26  0.65  0.51  0.72  -0.36  -0.05  0.38  0.00  
0.26  0.64  0.50  0.71  -0.37  -0.06  0.37  0.00  
0.27  0.66  0.51  0.72  -0.36  -0.05  0.38  0.00  
0.28  0.67  0.53  0.74  -0.34  -0.03  0.40  0.00  
0.29  0.68  0.54  0.75  -0.33  -0.02  0.41  0.00  
0.30  0.70  0.56  0.77  -0.31  -0.01  0.43  0.00  
0.32  0.72  0.58  0.79  -0.29  0.01  0.45  0.00  
0.33  0.73  0.59  0.80  -0.28  0.02  0.46  0.00  
0.33  0.73  0.59  0.80  -0.28  0.03  0.46  0.00  
0.34  0.74  0.60  0.81  -0.27  0.04  0.47  0.00  
0.34  0.74  0.60  0.81  -0.27  0.03  0.46  0.00  
0.34  0.74  0.59  0.80  -0.27  0.03  0.46  0.00  
0.33  0.73  0.59  0.80  -0.28  0.02  0.46  0.00  
0.34  0.74  0.60  0.81  -0.27  0.03  0.47  0.00  
0.36  0.76  0.62  0.83  -0.25  0.05  0.49  0.00  
0.36  0.76  0.62  0.83  -0.25  0.06  0.49  0.00  
0.38  0.79  0.65  0.86  -0.22  0.08  0.52  -0.03  
0.38  0.80  0.65  0.86  -0.21  0.09  0.52  -0.03  
0.38  0.79  0.65  0.86  -0.22  0.08  0.52  -0.03  
0.38  0.79  0.65  0.86  -0.22  0.08  0.52  -0.03  
0.36  0.76  0.62  0.83  -0.25  0.05  0.49  0.00  
0.39  0.80  0.66  0.87  -0.21  0.09  0.53  -0.04  
0.40  0.82  0.68  0.88  -0.19  0.11  0.54  -0.05  
0.40  0.82  0.68  0.89  -0.19  0.11  0.55  -0.06  
0.41  0.83  0.69  0.90  -0.18  0.12  0.56  -0.07  
0.41  0.84  0.70  0.91  -0.17  0.13  0.57  -0.08  
0.43  0.87  0.72  0.93  -0.14  0.16  0.59  -0.10  
0.44  0.88  0.74  0.95  -0.13  0.17  0.61  -0.12  
0.45  0.88  0.74  0.95  -0.13  0.18  0.61  -0.12  
0.44  0.87  0.73  0.94  -0.14  0.16  0.60  -0.11  
0.44  0.87  0.73  0.94  -0.14  0.16  0.60  -0.11  
0.46  0.91  0.77  0.98  -0.10  0.20  0.64  -0.15  
0.48  0.93  0.79  1.00  -0.08  0.22  0.65  -0.17  
0.49  0.95  0.81  1.02  -0.06  0.24  0.68  -0.19  
0.50  0.96  0.82  1.03  -0.05  0.26  0.69  -0.20  
0.53  1.00  0.86  1.07  -0.01  0.30  0.73  -0.24  
0.54  1.02  0.88  1.09  0.01  0.31  0.75  -0.26  
0.54  0.99  0.85  1.11  0.04  0.34  0.72  -0.28  
0.54  1.02  0.87  1.09  0.01  0.31  0.74  -0.26  
0.55  1.05  0.91  1.05  -0.03  0.28  0.78  -0.22  
0.55  1.06  0.92  1.05  -0.03  0.27  0.79  -0.22  
0.54  1.04  0.90  1.07  -0.01  0.29  0.77  -0.24  
0.54  1.00  0.86  1.10  0.03  0.33  0.73  -0.27  
0.55  1.05  0.91  1.06  -0.02  0.28  0.77  -0.23  
0.55  1.06  0.92  1.05  -0.03  0.27  0.78  -0.22  
0.55  1.04  0.90  1.06  -0.02  0.29  0.77  -0.23  
0.54  1.03  0.89  1.07  -0.01  0.30  0.76  -0.24  
0.55  1.06  0.92  1.04  -0.03  0.27  0.79  -0.21  
0.55  1.10  0.95  1.01  -0.07  0.23  0.82  -0.18  
0.55  1.10  0.96  1.00  -0.07  0.23  0.83  -0.17  
0.55  1.11  0.97  1.00  -0.08  0.22  0.84  -0.16  
0.55  1.07  0.93  1.04  -0.04  0.26  0.80  -0.21  
0.55  1.08  0.94  1.03  -0.05  0.25  0.81  -0.20  
0.55  1.10  0.96  1.01  -0.07  0.23  0.83  -0.18  
0.55  1.10  0.95  1.01  -0.07  0.24  0.82  -0.18  
0.55  1.05  0.90  1.06  -0.02  0.29  0.77  -0.23  
0.55  1.04  0.90  1.06  -0.02  0.29  0.77  -0.23  
0.52  1.00  0.86  1.02  -0.06  0.33  0.73  -0.27  
0.50  0.98  0.84  1.00  -0.08  0.35  0.71  -0.29  
0.52  1.00  0.86  1.02  -0.06  0.33  0.73  -0.27  
0.53  1.02  0.88  1.04  -0.04  0.31  0.75  -0.26  
0.53  1.03  0.89  1.04  -0.03  0.30  0.75  -0.25  
0.53  1.03  0.88  1.04  -0.04  0.31  0.75  -0.25  
0.55  1.05  0.91  1.07  -0.01  0.28  0.78  -0.22  
0.56  1.06  0.92  1.08  -0.00  0.27  0.79  -0.21  
0.58  1.09  0.94  1.10  0.02  0.24  0.81  -0.19  
0.60  1.12  0.97  1.13  0.05  0.21  0.84  -0.16  
0.60  1.12  0.98  1.14  0.06  0.21  0.84  -0.16  
0.61  1.13  0.99  1.15  0.07  0.20  0.86  -0.14  
0.54  1.04  0.90  1.06  -0.02  0.29  0.77  -0.24  
0.57  1.08  0.94  1.10  0.02  0.25  0.80  -0.20  
0.55  1.05  0.91  1.07  -0.01  0.28  0.78  -0.23  
0.56  1.06  0.92  1.08  -0.00  0.27  0.79  -0.21  
0.55  1.04  0.90  1.06  -0.02  0.29  0.77  -0.23  
0.56  1.06  0.92  1.08  0.00  0.27  0.79  -0.21  
0.57  1.08  0.94  1.10  0.02  0.25  0.81  -0.19  
0.58  1.09  0.95  1.11  0.03  0.24  0.82  -0.18  
0.58  1.10  0.96  1.11  0.04  0.23  0.82  -0.18  
0.59  1.10  0.96  1.12  0.04  0.23  0.83  -0.17  
0.59  1.11  0.96  1.12  0.04  0.22  0.83  -0.17  
0.58  1.09  0.94  1.10  0.03  0.24  0.81  -0.19  
0.59  1.10  0.96  1.12  0.04  0.23  0.83  -0.17  
0.58  1.10  0.95  1.11  0.03  0.24  0.82  -0.18  
0.60  1.12  0.98  1.14  0.06  0.21  0.85  -0.15  
0.61  1.13  0.99  1.15  0.07  0.20  0.86  -0.15  
0.61  1.14  1.00  1.15  0.08  0.19  0.86  -0.14  
0.62  1.14  1.00  1.16  0.08  0.19  0.87  -0.13  
0.62  1.14  1.00  1.16  0.08  0.19  0.87  -0.13  
0.63  1.16  1.02  1.18  0.10  0.17  0.89  -0.12  
0.63  1.16  1.02  1.18  0.10  0.17  0.89  -0.11  
0.64  1.18  1.03  1.19  0.11  0.16  0.90  -0.10  
0.64  1.18  1.04  1.20  0.12  0.15  0.91  -0.09  
0.64  1.18  1.04  1.20  0.12  0.15  0.90  -0.10  
0.66  1.20  1.06  1.22  0.14  0.13  0.93  -0.08  
0.66  1.21  1.07  1.23  0.13  0.14  0.94  -0.06  
0.66  1.21  1.07  1.23  0.13  0.14  0.94  -0.06  
0.67  1.22  1.08  1.24  0.12  0.15  0.95  -0.06  
0.67  1.22  1.08  1.24  0.12  0.15  0.95  -0.05  
0.69  1.24  1.10  1.26  0.09  0.18  0.97  -0.03  
0.70  1.26  1.11  1.27  0.08  0.19  0.98  -0.02  
0.71  1.27  1.13  1.29  0.07  0.20  1.00  -0.00  
0.71  1.28  1.14  1.30  0.06  0.21  1.01  0.01  
0.71  1.28  1.14  1.29  0.06  0.21  1.00  0.00  
0.73  1.30  1.16  1.32  0.04  0.23  1.03  0.02  
0.73  1.30  1.16  1.32  0.03  0.24  1.03  0.03  
0.73  1.30  1.16  1.32  0.03  0.24  1.03  0.03  
0.70  1.26  1.12  1.28  0.08  0.19  0.98  -0.02  
0.73  1.30  1.15  1.31  0.04  0.23  1.02  0.02  
0.75  1.33  1.19  1.35  0.01  0.26  1.06  0.06  
0.75  1.33  1.19  1.35  0.00  0.27  1.06  0.06  
0.76  1.34  1.20  1.36  -0.00  0.27  1.07  0.06  
0.76  1.35  1.21  1.37  -0.01  0.28  1.08  0.08  
0.76  1.34  1.20  1.36  -0.01  0.28  1.07  0.07  
0.78  1.37  1.22  1.38  -0.03  0.30  1.09  0.09  
0.79  1.39  1.25  1.41  -0.06  0.33  1.12  0.12  
0.80  1.41  1.27  1.39  -0.07  0.34  1.14  0.13  
0.81  1.42  1.28  1.39  -0.08  0.35  1.15  0.14  
0.80  1.41  1.27  1.39  -0.07  0.34  1.14  0.14  
0.81  1.42  1.28  1.39  -0.08  0.35  1.14  0.14  
0.79  1.38  1.24  1.42  -0.04  0.31  1.11  0.11  
0.80  1.40  1.26  1.40  -0.07  0.33  1.13  0.13  
0.81  1.42  1.28  1.39  -0.08  0.35  1.15  0.14  
0.80  1.41  1.27  1.39  -0.08  0.35  1.14  0.14  
0.81  1.42  1.28  1.38  -0.09  0.36  1.15  0.15  
0.81  1.43  1.29  1.37  -0.10  0.37  1.16  0.16  
0.82  1.45  1.31  1.36  -0.11  0.38  1.18  0.17  
0.82  1.44  1.30  1.36  -0.11  0.38  1.17  0.17  
0.82  1.45  1.31  1.35  -0.11  0.38  1.18  0.18  
0.83  1.47  1.33  1.33  -0.14  0.40  1.20  0.20  
0.83  1.49  1.34  1.32  -0.15  0.42  1.21  0.21  
0.81  1.42  1.28  1.38  -0.08  0.35  1.15  0.14  
0.81  1.43  1.29  1.37  -0.10  0.37  1.16  0.16  
0.80  1.41  1.26  1.40  -0.07  0.34  1.13  0.13  
0.74  1.32  1.18  1.31  0.02  0.25  1.05  0.05  
0.76  1.35  1.20  1.34  -0.01  0.28  1.07  0.07  
0.76  1.35  1.21  1.34  -0.01  0.28  1.08  0.07  
0.78  1.38  1.24  1.37  -0.04  0.31  1.11  0.10  
0.78  1.38  1.24  1.38  -0.05  0.32  1.11  0.11  
0.80  1.41  1.26  1.40  -0.07  0.34  1.13  0.13  
0.81  1.42  1.28  1.42  -0.09  0.36  1.15  0.15  
0.83  1.45  1.31  1.44  -0.11  0.38  1.18  0.17  
0.82  1.44  1.29  1.43  -0.10  0.37  1.16  0.16  
0.82  1.44  1.30  1.43  -0.10  0.37  1.17  0.16  
0.84  1.47  1.33  1.46  -0.13  0.40  1.19  0.19  
0.85  1.47  1.33  1.46  -0.13  0.40  1.20  0.20  
0.83  1.45  1.31  1.44  -0.11  0.38  1.18  0.18  
0.84  1.46  1.32  1.45  -0.13  0.39  1.19  0.19  
0.82  1.43  1.29  1.42  -0.09  0.36  1.16  0.15  
0.79  1.39  1.25  1.38  -0.05  0.32  1.12  0.12  
0.80  1.40  1.26  1.39  -0.06  0.33  1.13  0.12  
0.81  1.43  1.28  1.42  -0.09  0.36  1.15  0.15  
0.78  1.39  1.24  1.38  -0.05  0.32  1.11  0.11  
0.77  1.36  1.22  1.35  -0.02  0.29  1.09  0.09  
0.77  1.37  1.22  1.36  -0.03  0.30  1.09  0.09  
0.78  1.38  1.24  1.37  -0.01  0.28  1.11  0.11  
0.77  1.36  1.22  1.35  -0.03  0.30  1.09  0.08  
0.73  1.31  1.16  1.30  -0.09  0.36  1.03  0.03  
0.75  1.35  1.21  1.34  -0.04  0.31  1.03  0.07  
0.77  1.38  1.23  1.37  -0.02  0.28  1.03  0.10  
0.76  1.37  1.23  1.36  -0.02  0.29  1.03  0.09  
0.77  1.37  1.23  1.36  -0.02  0.29  1.03  0.10  
0.77  1.39  1.24  1.38  -0.01  0.28  1.03  0.11  
0.77  1.39  1.24  1.38  -0.01  0.28  1.03  0.11  
0.76  1.36  1.22  1.35  -0.03  0.30  1.03  0.09  
0.77  1.38  1.24  1.37  -0.01  0.28  1.03  0.10  
0.78  1.39  1.25  1.38  -0.00  0.27  1.03  0.11  
0.77  1.38  1.24  1.38  -0.01  0.28  1.03  0.11  
0.79  1.42  1.28  1.41  0.03  0.24  1.03  0.15  
0.82  1.46  1.32  1.45  0.07  0.20  1.07  0.18  
0.82  1.46  1.32  1.45  0.07  0.20  1.07  0.18  
0.84  1.48  1.34  1.48  0.09  0.18  1.10  0.21  
0.84  1.49  1.35  1.48  0.10  0.17  1.10  0.21  
0.84  1.49  1.35  1.48  0.10  0.17  1.10  0.21  
0.86  1.51  1.37  1.50  0.12  0.15  1.12  0.24  
0.86  1.52  1.38  1.51  0.13  0.14  1.13  0.24  
0.84  1.48  1.34  1.47  0.09  0.18  1.09  0.20  
0.85  1.50  1.36  1.49  0.06  0.16  1.11  0.23  
0.86  1.54  1.40  1.53  0.03  0.12  1.15  0.26  
0.87  1.55  1.41  1.54  0.01  0.11  1.16  0.28  
0.87  1.56  1.42  1.55  0.01  0.10  1.17  0.28  
0.87  1.56  1.42  1.55  0.01  0.10  1.17  0.28  
0.88  1.58  1.44  1.57  -0.01  0.08  1.19  0.30  
0.88  1.58  1.44  1.57  -0.01  0.08  1.19  0.30  
0.88  1.59  1.45  1.58  -0.03  0.07  1.20  0.32  
0.89  1.60  1.46  1.60  -0.04  0.06  1.21  0.33  
0.89  1.60  1.46  1.59  -0.04  0.06  1.21  0.33  
0.88  1.58  1.44  1.57  -0.02  0.08  1.19  0.31  
0.87  1.56  1.42  1.55  0.01  0.10  1.17  0.28  
0.89  1.61  1.47  1.60  -0.04  0.05  1.22  0.34  
0.90  1.62  1.48  1.61  -0.05  0.04  1.23  0.35  
0.90  1.63  1.48  1.62  -0.06  0.04  1.24  0.35  
0.90  1.64  1.49  1.63  -0.07  0.02  1.25  0.36  
0.91  1.65  1.51  1.64  -0.09  0.01  1.26  0.38  
0.91  1.66  1.52  1.65  -0.09  0.00  1.27  0.38  
0.92  1.67  1.53  1.66  -0.10  -0.01  1.28  0.39  
0.91  1.65  1.51  1.64  -0.09  0.01  1.26  0.38  
0.91  1.66  1.52  1.65  -0.10  -0.00  1.27  0.39  
0.92  1.67  1.53  1.66  -0.11  -0.01  1.28  0.40  
0.93  1.69  1.55  1.68  -0.13  -0.03  1.30  0.42  
0.93  1.69  1.54  1.69  -0.12  -0.03  1.30  0.42  
0.93  1.69  1.55  1.69  -0.12  -0.03  1.30  0.42  
0.92  1.71  1.56  1.67  -0.14  -0.04  1.32  0.40  
0.93  1.68  1.54  1.69  -0.12  -0.02  1.29  0.42  
0.93  1.70  1.56  1.68  -0.13  -0.04  1.31  0.41  
0.93  1.65  1.51  1.72  -0.09  0.01  1.26  0.46  
0.93  1.66  1.52  1.71  -0.10  -0.00  1.27  0.44  
0.93  1.68  1.54  1.69  -0.12  -0.02  1.29  0.43  
0.93  1.69  1.55  1.68  -0.12  -0.03  1.30  0.42  
0.92  1.71  1.57  1.66  -0.14  -0.05  1.32  0.40  
0.92  1.71  1.57  1.66  -0.15  -0.05  1.32  0.40  
0.92  1.71  1.56  1.67  -0.14  -0.04  1.32  0.40  
0.92  1.72  1.58  1.66  -0.15  -0.06  1.33  0.39  
0.92  1.72  1.57  1.66  -0.15  -0.06  1.33  0.39  
0.92  1.72  1.58  1.65  -0.16  -0.06  1.33  0.39  
0.92  1.71  1.57  1.66  -0.15  -0.05  1.32  0.40  
0.93  1.70  1.55  1.68  -0.13  -0.03  1.31  0.41  
0.92  1.71  1.57  1.67  -0.14  -0.05  1.32  0.40  
0.92  1.73  1.59  1.64  -0.17  -0.07  1.35  0.37  
0.92  1.76  1.62  1.62  -0.19  -0.10  1.37  0.35  
0.92  1.76  1.61  1.61  -0.20  -0.10  1.37  0.34  
0.91  1.77  1.60  1.60  -0.21  -0.11  1.38  0.34  
0.90  1.80  1.58  1.58  -0.23  -0.14  1.41  0.31  
0.90  1.80  1.58  1.58  -0.23  -0.13  1.41  0.31  
0.89  1.82  1.56  1.56  -0.25  -0.16  1.43  0.29  
0.89  1.83  1.55  1.55  -0.26  -0.17  1.44  0.28  
0.89  1.82  1.56  1.56  -0.25  -0.16  1.43  0.29  
0.91  1.78  1.59  1.59  -0.22  -0.12  1.39  0.33  
0.91  1.78  1.60  1.59  -0.22  -0.12  1.39  0.33  
0.92  1.76  1.62  1.62  -0.19  -0.09  1.37  0.35  
0.91  1.77  1.60  1.60  -0.21  -0.11  1.38  0.33  
0.91  1.79  1.59  1.59  -0.22  -0.12  1.40  0.32  
0.93  1.74  1.64  1.64  -0.17  -0.08  1.35  0.37  
0.92  1.74  1.64  1.63  -0.18  -0.08  1.35  0.37  
0.91  1.77  1.61  1.61  -0.20  -0.11  1.38  0.34  
0.90  1.80  1.58  1.58  -0.23  -0.13  1.41  0.31  
0.90  1.80  1.57  1.57  -0.24  -0.14  1.42  0.30  
0.90  1.80  1.58  1.58  -0.23  -0.14  1.41  0.31  
0.92  1.82  1.60  1.60  -0.21  -0.11  1.39  0.33  
0.94  1.85  1.63  1.63  -0.18  -0.09  1.36  0.36  
0.95  1.86  1.64  1.64  -0.17  -0.07  1.34  0.38  
0.94  1.85  1.63  1.63  -0.18  -0.08  1.35  0.37  
0.98  1.90  1.68  1.68  -0.13  -0.03  1.30  0.41  
0.98  1.90  1.69  1.68  -0.13  -0.03  1.30  0.42  
0.99  1.93  1.71  1.71  -0.10  -0.01  1.28  0.44  
1.00  1.93  1.72  1.71  -0.10  0.00  1.27  0.45  
0.96  1.89  1.67  1.67  -0.14  -0.05  1.32  0.40  
0.97  1.90  1.68  1.67  -0.13  -0.04  1.31  0.41  
0.98  1.90  1.69  1.68  -0.13  -0.03  1.30  0.42  
0.98  1.91  1.69  1.69  -0.12  -0.02  1.29  0.43  
0.98  1.91  1.69  1.69  -0.12  -0.03  1.30  0.42  
0.99  1.92  1.70  1.70  -0.11  -0.01  1.28  0.44  
1.03  1.97  1.75  1.75  -0.06  0.03  1.28  0.48  
1.02  1.96  1.74  1.74  -0.07  0.03  1.27  0.47  
1.03  1.97  1.76  1.75  -0.06  0.04  1.29  0.49  
1.05  1.99  1.78  1.77  -0.04  0.06  1.31  0.51  
1.07  2.01  1.79  1.79  -0.02  0.07  1.32  0.52  
1.03  1.97  1.75  1.74  -0.06  0.03  1.28  0.48  
1.05  1.99  1.77  1.77  -0.04  0.06  1.31  0.50  
1.05  1.99  1.77  1.77  -0.04  0.06  1.31  0.51  
1.04  1.98  1.76  1.76  -0.05  0.05  1.30  0.50  
1.02  1.96  1.74  1.74  -0.07  0.02  1.27  0.47  
1.02  1.96  1.74  1.74  -0.07  0.02  1.27  0.47  
1.01  1.95  1.73  1.73  -0.08  0.01  1.26  0.46  
0.99  1.93  1.72  1.71  -0.10  -0.00  1.25  0.45  
0.99  1.93  1.71  1.71  -0.10  -0.00  1.24  0.44  
1.01  1.95  1.73  1.73  -0.08  0.01  1.26  0.46  
1.03  1.97  1.76  1.75  -0.06  0.04  1.29  0.49  
1.02  1.96  1.75  1.74  -0.07  0.03  1.28  0.48  
1.05  1.99  1.77  1.77  -0.04  0.06  1.30  0.50  
1.06  2.00  1.78  1.78  -0.03  0.06  1.31  0.51  
1.04  1.98  1.76  1.76  -0.05  0.04  1.29  0.49  
1.02  1.96  1.74  1.74  -0.07  0.02  1.27  0.47  
1.01  1.95  1.73  1.73  -0.08  0.01  1.26  0.46  
0.98  1.92  1.70  1.70  -0.11  -0.01  1.23  0.43  
0.99  1.93  1.71  1.71  -0.10  -0.01  1.24  0.44  
0.98  1.92  1.70  1.70  -0.11  -0.01  1.23  0.43  
0.97  1.91  1.69  1.69  -0.12  -0.03  1.22  0.42  
0.98  1.91  1.70  1.69  -0.11  -0.02  1.23  0.43  
0.97  1.91  1.69  1.69  -0.12  -0.02  1.23  0.43  
0.97  1.92  1.68  1.68  -0.13  -0.01  1.22  0.42  
0.97  1.93  1.68  1.68  -0.13  -0.00  1.21  0.41  
0.96  1.94  1.67  1.67  -0.14  0.00  1.20  0.40  
0.96  1.93  1.67  1.67  -0.14  -0.00  1.20  0.40  
0.96  1.94  1.66  1.66  -0.15  0.01  1.20  0.40  
0.96  1.95  1.66  1.66  -0.15  0.01  1.20  0.39  
0.96  1.95  1.65  1.65  -0.16  0.02  1.20  0.39  
0.96  1.95  1.65  1.65  -0.16  0.02  1.20  0.38  
0.96  1.94  1.66  1.66  -0.15  0.01  1.19  0.39  
0.96  1.92  1.69  1.69  -0.12  -0.02  1.16  0.42  
0.97  1.89  1.72  1.72  -0.09  -0.04  1.13  0.45  
0.97  1.90  1.71  1.71  -0.10  -0.04  1.14  0.44  
0.97  1.84  1.76  1.76  -0.05  -0.09  1.08  0.50  
0.99  1.77  1.84  1.84  0.03  -0.17  1.08  0.57  
0.99  1.80  1.81  1.81  -0.00  -0.14  1.08  0.54  
0.98  1.80  1.81  1.80  -0.01  -0.13  1.08  0.54  
0.98  1.81  1.80  1.79  -0.02  -0.12  1.08  0.53  
1.00  1.74  1.87  1.87  0.06  -0.20  1.08  0.60  
1.00  1.74  1.86  1.86  0.05  -0.19  1.07  0.59  
1.00  1.74  1.87  1.87  0.06  -0.20  1.08  0.60  
1.01  1.73  1.88  1.88  0.07  -0.21  1.09  0.61  
1.01  1.71  1.89  1.89  0.08  -0.22  1.11  0.62  
0.96  1.64  1.81  1.81  0.00  -0.14  1.03  0.55  
0.97  1.65  1.83  1.83  0.02  -0.16  1.04  0.56  
0.99  1.68  1.85  1.85  0.04  -0.18  1.07  0.59  
0.98  1.66  1.84  1.84  0.03  -0.17  1.05  0.57  
0.98  1.67  1.85  1.85  0.04  -0.18  1.07  0.58  
0.96  1.64  1.82  1.81  0.01  -0.14  1.03  0.55  
0.97  1.66  1.84  1.84  0.03  -0.17  1.05  0.57  
0.98  1.67  1.85  1.84  0.04  -0.17  1.06  0.58  
1.00  1.70  1.88  1.88  0.07  -0.21  1.09  0.61  
1.03  1.74  1.92  1.92  0.11  -0.25  1.14  0.65  
1.03  1.73  1.91  1.91  0.10  -0.24  1.13  0.64  
1.01  1.71  1.89  1.89  0.08  -0.22  1.10  0.62  
1.02  1.72  1.90  1.90  0.09  -0.23  1.11  0.63  
1.01  1.71  1.89  1.89  0.08  -0.21  1.10  0.62  
0.99  1.69  1.87  1.86  0.06  -0.19  1.08  0.60  
1.02  1.71  1.89  1.89  0.08  -0.17  1.10  0.62  
1.03  1.72  1.90  1.90  0.09  -0.16  1.11  0.63  
1.01  1.70  1.88  1.88  0.07  -0.18  1.10  0.62  
1.03  1.72  1.90  1.90  0.09  -0.16  1.11  0.63  
1.06  1.75  1.93  1.93  0.12  -0.13  1.15  0.67  
1.06  1.75  1.93  1.93  0.12  -0.13  1.14  0.66  
1.08  1.77  1.95  1.95  0.14  -0.11  1.17  0.68  
1.10  1.80  1.98  1.98  0.17  -0.08  1.19  0.71  
1.11  1.80  1.98  1.98  0.17  -0.08  1.19  0.71  
1.14  1.84  2.02  2.01  0.21  -0.04  1.23  0.75  
1.18  1.88  2.06  2.05  0.25  -0.00  1.27  0.79  
1.16  1.85  2.03  2.03  0.22  -0.03  1.24  0.76  
1.15  1.84  2.02  2.02  0.21  -0.04  1.23  0.75  
1.15  1.84  2.02  2.02  0.21  -0.04  1.24  0.75  
1.20  1.89  2.07  2.07  0.26  0.01  1.28  0.80  
1.19  1.89  2.07  2.07  0.26  0.01  1.28  0.80  
1.20  1.89  2.07  2.07  0.26  0.01  1.29  0.81  
1.26  1.95  2.13  2.13  0.32  0.07  1.34  0.86  
1.21  1.90  2.08  2.08  0.27  0.02  1.29  0.81  
1.24  1.93  2.11  2.11  0.30  0.05  1.32  0.84  
1.28  1.97  2.15  2.15  0.34  0.09  1.37  0.89  
1.28  1.97  2.15  2.15  0.34  0.09  1.36  0.88  
1.25  1.94  2.12  2.12  0.31  0.06  1.33  0.85  
1.20  1.90  2.08  2.07  0.26  0.02  1.29  0.81  
1.20  1.89  2.07  2.07  0.26  0.01  1.29  0.80  
1.26  1.95  2.13  2.13  0.32  0.07  1.34  0.86  
1.24  1.93  2.11  2.11  0.30  0.05  1.32  0.84  
1.23  1.93  2.11  2.10  0.29  0.05  1.32  0.84  
1.29  1.98  2.16  2.16  0.35  0.10  1.38  0.90  
1.28  1.97  2.15  2.15  0.34  0.09  1.36  0.88  
1.29  1.99  2.16  2.16  0.35  0.10  1.38  0.90  
1.31  2.01  2.19  2.18  0.38  0.13  1.40  0.92  
1.35  2.05  2.23  2.23  0.42  0.17  1.44  0.96  
1.35  2.04  2.22  2.22  0.41  0.16  1.43  0.95  
1.34  2.03  2.21  2.21  0.40  0.15  1.42  0.94  
1.30  1.99  2.17  2.17  0.36  0.11  1.38  0.90  
1.21  1.90  2.08  2.08  0.27  0.02  1.29  0.81  
1.21  1.91  2.09  2.09  0.28  0.03  1.30  0.82  
1.24  1.93  2.11  2.11  0.30  0.05  1.32  0.84  
1.22  1.92  2.10  2.10  0.29  0.04  1.31  0.83  
1.18  1.87  2.05  2.05  0.24  -0.01  1.26  0.78  
1.16  1.85  2.03  2.03  0.22  -0.03  1.24  0.76  
1.17  1.86  2.04  2.04  0.23  -0.02  1.25  0.77  
1.21  1.90  2.08  2.08  0.27  0.02  1.29  0.81  
1.19  1.88  2.06  2.06  0.25  -0.00  1.27  0.79  
1.20  1.89  2.07  2.07  0.26  0.01  1.28  0.80  
1.20  1.89  2.07  2.07  0.26  0.01  1.28  0.80  
1.21  1.91  2.09  2.09  0.28  0.03  1.30  0.82  
1.19  1.88  2.06  2.06  0.25  -0.00  1.27  0.79  
1.19  1.89  2.07  2.06  0.25  0.01  1.28  0.80  
1.20  1.89  2.07  2.07  0.26  0.01  1.28  0.80  
1.20  1.89  2.07  2.07  0.26  0.01  1.29  0.81  
1.25  1.94  2.12  2.12  0.31  0.06  1.33  0.85  
1.22  1.91  2.09  2.09  0.28  0.03  1.30  0.82  
1.24  1.93  2.11  2.11  0.30  0.05  1.32  0.84  
1.24  1.93  2.11  2.11  0.30  0.05  1.32  0.84  
1.27  1.96  2.14  2.14  0.33  0.08  1.36  0.87  
1.27  1.96  2.14  2.14  0.33  0.08  1.35  0.87  
1.24  1.94  2.12  2.11  0.30  0.06  1.33  0.85  
1.26  1.95  2.13  2.13  0.32  0.07  1.35  0.86  
1.25  1.94  2.12  2.12  0.31  0.06  1.34  0.85  
1.24  1.94  2.12  2.11  0.30  0.06  1.33  0.85  
1.25  1.94  2.12  2.12  0.31  0.06  1.34  0.85  
1.27  1.96  2.14  2.14  0.33  0.08  1.35  0.87  
1.27  1.97  2.15  2.15  0.34  0.09  1.36  0.88  
1.28  1.97  2.15  2.15  0.34  0.09  1.37  0.89  
1.36  2.05  2.23  2.23  0.42  0.17  1.45  0.97  
1.38  2.07  2.25  2.25  0.44  0.19  1.46  0.98  
1.40  2.09  2.27  2.27  0.46  0.21  1.49  1.00  
1.43  2.12  2.30  2.30  0.49  0.24  1.52  1.03  
1.43  2.12  2.30  2.30  0.49  0.24  1.51  1.03  
1.46  2.15  2.33  2.33  0.52  0.27  1.54  1.06  
1.41  2.10  2.28  2.28  0.47  0.22  1.49  1.01  
1.47  2.17  2.35  2.34  0.53  0.29  1.56  1.08  
1.44  2.14  2.32  2.31  0.50  0.26  1.53  1.05  
1.47  2.16  2.34  2.34  0.53  0.28  1.55  1.07  
1.45  2.15  2.33  2.32  0.51  0.27  1.54  1.06  
1.42  2.11  2.29  2.29  0.48  0.23  1.50  1.02  
1.42  2.11  2.29  2.29  0.48  0.23  1.50  1.02  
1.47  2.17  2.35  2.34  0.53  0.29  1.56  1.08  
1.48  2.17  2.35  2.35  0.54  0.29  1.56  1.08  
1.51  2.20  2.38  2.38  0.57  0.32  1.59  1.11  
1.51  2.20  2.38  2.38  0.57  0.32  1.59  1.11  
1.49  2.18  2.36  2.36  0.55  0.30  1.58  1.09  
1.50  2.19  2.37  2.37  0.56  0.31  1.59  1.11  
1.46  2.15  2.33  2.33  0.52  0.27  1.54  1.06  
1.45  2.14  2.32  2.32  0.51  0.26  1.53  1.05  
1.41  2.11  2.28  2.28  0.47  0.22  1.50  1.02  
1.43  2.12  2.30  2.30  0.49  0.24  1.51  1.03  
1.43  2.13  2.31  2.31  0.50  0.25  1.52  1.04  
1.43  2.12  2.30  2.30  0.49  0.24  1.51  1.03  
1.46  2.15  2.33  2.33  0.52  0.27  1.55  1.07  
1.49  2.18  2.36  2.36  0.55  0.30  1.57  1.09  
1.50  2.19  2.37  2.37  0.56  0.31  1.58  1.10  
1.46  2.16  2.33  2.33  0.52  0.27  1.55  1.07  
1.43  2.13  2.31  2.30  0.49  0.24  1.52  1.04  
1.44  2.13  2.31  2.31  0.50  0.25  1.52  1.04  
1.44  2.13  2.31  2.31  0.50  0.25  1.53  1.05  
1.42  2.11  2.29  2.29  0.48  0.23  1.50  1.02  
1.43  2.12  2.30  2.30  0.49  0.24  1.52  1.04  
1.42  2.11  2.29  2.29  0.48  0.23  1.50  1.02  
1.44  2.13  2.31  2.31  0.50  0.25  1.52  1.04  
1.44  2.13  2.31  2.31  0.50  0.25  1.53  1.05  
1.46  2.16  2.34  2.33  0.52  0.28  1.55  1.07  
1.45  2.15  2.33  2.32  0.52  0.27  1.54  1.06  
1.47  2.17  2.35  2.35  0.49  0.29  1.56  1.08  
1.48  2.19  2.37  2.37  0.47  0.31  1.58  1.10  
1.48  2.18  2.36  2.35  0.49  0.30  1.57  1.09  
1.47  2.17  2.35  2.35  0.49  0.29  1.57  1.08  
1.51  2.22  2.40  2.40  0.44  0.34  1.61  1.13  
1.54  2.27  2.45  2.45  0.39  0.39  1.67  1.18  
1.55  2.28  2.46  2.46  0.38  0.40  1.67  1.19  
1.55  2.28  2.46  2.46  0.38  0.40  1.68  1.19  
1.55  2.29  2.47  2.46  0.38  0.41  1.68  1.20  
1.55  2.28  2.46  2.46  0.38  0.40  1.67  1.19  
1.59  2.34  2.51  2.51  0.33  0.45  1.73  1.25  
1.58  2.32  2.50  2.50  0.34  0.44  1.72  1.24  
1.53  2.25  2.43  2.43  0.41  0.37  1.64  1.16  
1.55  2.29  2.47  2.47  0.37  0.41  1.68  1.20  
1.56  2.30  2.48  2.48  0.36  0.42  1.69  1.21  
1.56  2.30  2.48  2.47  0.37  0.42  1.69  1.21  
1.58  2.32  2.50  2.50  0.34  0.44  1.72  1.23  
1.58  2.33  2.51  2.50  0.34  0.45  1.72  1.24  
1.58  2.32  2.50  2.50  0.34  0.44  1.72  1.23  
1.57  2.30  2.48  2.48  0.36  0.42  1.70  1.21  
1.59  2.33  2.51  2.51  0.33  0.45  1.73  1.24  
1.59  2.34  2.52  2.52  0.32  0.46  1.73  1.25  
1.60  2.35  2.53  2.53  0.31  0.47  1.75  1.27  
1.60  2.35  2.53  2.53  0.31  0.47  1.75  1.27  
1.63  2.39  2.57  2.57  0.27  0.51  1.78  1.30  
1.65  2.41  2.59  2.59  0.25  0.53  1.81  1.33  
1.64  2.41  2.59  2.59  0.25  0.53  1.81  1.32  
1.64  2.41  2.59  2.59  0.25  0.53  1.80  1.32  
1.67  2.45  2.62  2.62  0.22  0.56  1.84  1.36  
1.67  2.44  2.62  2.62  0.22  0.56  1.84  1.36  
1.70  2.49  2.67  2.67  0.17  0.61  1.88  1.40  
1.72  2.52  2.70  2.70  0.14  0.64  1.91  1.43  
1.73  2.54  2.72  2.72  0.12  0.66  1.93  1.45  
1.67  2.45  2.63  2.62  0.21  0.57  1.84  1.36  
1.61  2.37  2.55  2.55  0.29  0.49  1.76  1.28  
1.63  2.39  2.57  2.57  0.27  0.51  1.78  1.30  
1.62  2.38  2.56  2.56  0.28  0.50  1.77  1.29  
1.60  2.35  2.52  2.52  0.32  0.46  1.74  1.26  
1.60  2.35  2.53  2.52  0.32  0.47  1.74  1.26  
1.64  2.40  2.58  2.58  0.26  0.52  1.79  1.31  
1.64  2.41  2.57  2.57  0.25  0.53  1.80  1.32  
1.64  2.44  2.54  2.54  0.22  0.56  1.83  1.35  
1.64  2.45  2.53  2.53  0.21  0.57  1.84  1.36  
1.65  2.48  2.50  2.50  0.18  0.60  1.88  1.39  
1.64  2.45  2.53  2.53  0.21  0.57  1.84  1.36  
1.65  2.48  2.51  2.50  0.19  0.59  1.87  1.39  
1.65  2.49  2.49  2.49  0.18  0.61  1.88  1.40  
1.65  2.53  2.45  2.45  0.13  0.65  1.92  1.44  
1.65  2.52  2.46  2.46  0.14  0.64  1.91  1.43  
1.65  2.50  2.48  2.48  0.17  0.62  1.89  1.41  
1.65  2.50  2.48  2.47  0.16  0.62  1.90  1.42  
1.65  2.54  2.44  2.44  0.12  0.66  1.93  1.45  
1.66  2.55  2.43  2.43  0.11  0.67  1.94  1.46  
1.66  2.57  2.41  2.41  0.09  0.69  1.96  1.48  
1.67  2.63  2.35  2.35  0.03  0.75  2.03  1.54  
1.66  2.61  2.38  2.37  0.06  0.72  2.00  1.52  
1.67  2.63  2.35  2.34  0.03  0.75  2.03  1.55  
1.66  2.61  2.37  2.37  0.05  0.73  2.00  1.52  
1.67  2.63  2.35  2.35  0.03  0.75  2.02  1.54  
1.67  2.63  2.35  2.34  0.03  0.75  2.03  1.55  
1.67  2.64  2.34  2.34  0.02  0.76  2.04  1.55  
1.67  2.61  2.37  2.37  0.05  0.73  2.00  1.52  
1.67  2.64  2.34  2.34  0.03  0.76  2.03  1.55  
1.67  2.62  2.36  2.36  0.04  0.74  2.01  1.53  
1.66  2.55  2.43  2.43  0.11  0.67  1.94  1.46  
1.66  2.57  2.42  2.41  0.10  0.68  1.96  1.48  
1.66  2.56  2.42  2.42  0.11  0.68  1.95  1.47  
1.65  2.52  2.46  2.46  0.14  0.64  1.91  1.43  
1.65  2.49  2.49  2.49  0.17  0.61  1.88  1.40  
1.64  2.47  2.51  2.51  0.19  0.59  1.86  1.38  
1.65  2.53  2.45  2.45  0.13  0.65  1.93  1.45  
1.65  2.48  2.51  2.50  0.19  0.59  1.87  1.39  
1.65  2.49  2.49  2.49  0.17  0.61  1.88  1.40  
1.65  2.50  2.48  2.48  0.16  0.62  1.89  1.41  
1.65  2.54  2.44  2.44  0.13  0.66  1.93  1.45  
1.66  2.54  2.44  2.44  0.12  0.66  1.93  1.45  
1.65  2.54  2.44  2.44  0.13  0.66  1.93  1.45  
1.65  2.53  2.45  2.45  0.14  0.65  1.92  1.44  
1.66  2.55  2.43  2.43  0.11  0.67  1.94  1.46  
1.65  2.54  2.44  2.44  0.12  0.66  1.93  1.45  
1.65  2.54  2.44  2.44  0.12  0.65  1.93  1.45  
1.67  2.57  2.48  2.48  0.16  0.69  1.89  1.41  
1.68  2.59  2.50  2.50  0.18  0.71  1.88  1.39  
1.68  2.60  2.51  2.50  0.19  0.72  1.87  1.39  
1.70  2.64  2.54  2.54  0.22  0.76  1.83  1.35  
1.69  2.61  2.52  2.51  0.20  0.73  1.86  1.38  
1.69  2.63  2.54  2.53  0.22  0.75  1.84  1.36  
1.68  2.61  2.51  2.51  0.19  0.73  1.86  1.38  
1.67  2.57  2.47  2.47  0.15  0.69  1.90  1.42  
1.67  2.57  2.48  2.48  0.16  0.69  1.89  1.41  
1.67  2.58  2.48  2.48  0.17  0.70  1.89  1.41  
1.67  2.58  2.48  2.48  0.17  0.70  1.89  1.41  
1.68  2.60  2.50  2.50  0.19  0.72  1.87  1.39  
1.68  2.60  2.51  2.50  0.19  0.72  1.87  1.39  
1.68  2.59  2.49  2.49  0.17  0.71  1.88  1.40  
1.66  2.54  2.44  2.44  0.13  0.66  1.93  1.45  
1.65  2.52  2.43  2.42  0.11  0.64  1.95  1.47  
1.64  2.52  2.42  2.42  0.10  0.63  1.95  1.47  
1.64  2.52  2.42  2.42  0.10  0.63  1.95  1.47  
1.64  2.51  2.42  2.42  0.10  0.63  1.95  1.47  
1.64  2.50  2.41  2.41  0.09  0.62  1.96  1.48  
1.64  2.50  2.40  2.40  0.08  0.62  1.97  1.49  
1.65  2.53  2.44  2.43  0.12  0.65  1.94  1.46  
1.66  2.56  2.46  2.46  0.15  0.68  1.91  1.43  
1.66  2.55  2.46  2.46  0.14  0.67  1.92  1.43  
1.65  2.53  2.43  2.43  0.12  0.65  1.94  1.46  
1.66  2.54  2.45  2.45  0.13  0.66  1.93  1.44  
1.66  2.54  2.45  2.44  0.13  0.66  1.93  1.45  
1.65  2.52  2.43  2.42  0.11  0.64  1.95  1.47  
1.66  2.56  2.46  2.46  0.14  0.68  1.91  1.43  
1.66  2.55  2.46  2.45  0.14  0.67  1.92  1.44  
1.67  2.57  2.47  2.47  0.16  0.69  1.90  1.42  
1.67  2.59  2.49  2.49  0.17  0.70  1.88  1.40  
1.68  2.59  2.49  2.49  0.18  0.71  1.88  1.40  
1.67  2.58  2.49  2.49  0.17  0.70  1.88  1.40  
1.68  2.59  2.50  2.50  0.18  0.71  1.87  1.39  
1.68  2.59  2.49  2.49  0.17  0.71  1.88  1.40  
1.68  2.60  2.50  2.50  0.18  0.72  1.87  1.39  
1.70  2.62  2.53  2.53  0.21  0.74  1.85  1.41  
1.72  2.64  2.55  2.55  0.23  0.76  1.85  1.44  
1.71  2.64  2.54  2.54  0.23  0.76  1.85  1.43  
1.75  2.68  2.58  2.58  0.26  0.80  1.85  1.47  
1.76  2.70  2.60  2.60  0.28  0.82  1.85  1.49  
1.78  2.72  2.62  2.62  0.30  0.84  1.85  1.51  
1.78  2.71  2.62  2.62  0.30  0.83  1.85  1.51  
1.77  2.71  2.61  2.61  0.30  0.83  1.85  1.50  
1.80  2.74  2.65  2.64  0.33  0.86  1.85  1.53  
1.83  2.77  2.67  2.67  0.36  0.89  1.88  1.56  
1.80  2.74  2.64  2.64  0.33  0.86  1.85  1.53  
1.75  2.69  2.60  2.59  0.28  0.81  1.80  1.48  
1.76  2.70  2.60  2.60  0.29  0.82  1.81  1.49  
1.77  2.72  2.62  2.62  0.30  0.83  1.82  1.51  
1.79  2.73  2.64  2.64  0.32  0.85  1.84  1.53  
1.75  2.69  2.59  2.59  0.27  0.81  1.79  1.48  
1.75  2.69  2.59  2.59  0.28  0.81  1.80  1.48  
1.71  2.65  2.56  2.55  0.24  0.77  1.76  1.44  
1.69  2.63  2.54  2.54  0.22  0.75  1.74  1.42  
1.70  2.64  2.54  2.54  0.22  0.76  1.74  1.43  
1.69  2.63  2.53  2.53  0.21  0.75  1.73  1.42  
1.75  2.69  2.59  2.59  0.27  0.81  1.79  1.48  
1.76  2.70  2.60  2.60  0.28  0.82  1.80  1.49  
1.74  2.68  2.59  2.59  0.27  0.80  1.79  1.48  
1.71  2.65  2.55  2.55  0.24  0.77  1.76  1.44  
1.73  2.67  2.57  2.57  0.25  0.79  1.77  1.46  
1.72  2.66  2.56  2.56  0.25  0.78  1.76  1.45  
1.72  2.66  2.56  2.56  0.24  0.78  1.76  1.45  
1.71  2.65  2.56  2.56  0.24  0.77  1.76  1.45  
1.72  2.67  2.57  2.57  0.25  0.79  1.77  1.46  
1.75  2.70  2.60  2.60  0.28  0.82  1.80  1.49  
1.76  2.70  2.60  2.60  0.28  0.82  1.80  1.49  
1.78  2.72  2.62  2.62  0.30  0.84  1.82  1.51  
1.78  2.72  2.63  2.63  0.31  0.84  1.83  1.51  
1.80  2.74  2.65  2.65  0.33  0.86  1.85  1.53  
1.81  2.75  2.65  2.65  0.33  0.87  1.85  1.54  
1.79  2.73  2.63  2.63  0.31  0.85  1.83  1.52  
1.82  2.76  2.66  2.66  0.34  0.88  1.86  1.55  
1.82  2.76  2.67  2.67  0.35  0.88  1.87  1.55  
1.82  2.76  2.66  2.66  0.34  0.88  1.86  1.55  
1.82  2.76  2.67  2.67  0.35  0.88  1.87  1.55  
1.84  2.78  2.68  2.68  0.36  0.90  1.88  1.57  
1.84  2.78  2.69  2.69  0.37  0.90  1.89  1.58  
1.84  2.78  2.69  2.69  0.37  0.90  1.89  1.57  
1.85  2.79  2.70  2.69  0.38  0.91  1.90  1.58  
1.81  2.75  2.66  2.66  0.34  0.87  1.86  1.54  
1.82  2.77  2.67  2.67  0.35  0.89  1.87  1.56  
1.85  2.79  2.70  2.70  0.38  0.91  1.90  1.58  
1.88  2.82  2.73  2.72  0.41  0.94  1.93  1.61  
1.88  2.83  2.73  2.73  0.41  0.95  1.93  1.62  
1.89  2.83  2.73  2.73  0.42  0.95  1.94  1.62  
1.89  2.83  2.73  2.73  0.41  0.95  1.93  1.62  
1.88  2.82  2.72  2.72  0.40  0.94  1.92  1.61  
1.90  2.84  2.74  2.74  0.42  0.96  1.94  1.63  
1.89  2.83  2.73  2.73  0.42  0.95  1.94  1.62  
1.86  2.80  2.70  2.70  0.39  0.92  1.91  1.59  
1.86  2.80  2.71  2.70  0.39  0.92  1.91  1.59  
1.85  2.79  2.70  2.70  0.38  0.91  1.90  1.59  
1.84  2.78  2.68  2.68  0.36  0.90  1.88  1.57  
1.83  2.78  2.68  2.68  0.36  0.89  1.88  1.57  
1.86  2.80  2.71  2.71  0.39  0.92  1.91  1.59  
1.86  2.81  2.71  2.71  0.39  0.93  1.91  1.60  
1.90  2.84  2.74  2.74  0.42  0.96  1.94  1.63  
1.90  2.84  2.75  2.74  0.43  0.96  1.95  1.63  
1.91  2.85  2.76  2.75  0.44  0.97  1.96  1.64  
1.91  2.85  2.76  2.76  0.44  0.97  1.96  1.64  
1.92  2.86  2.77  2.77  0.45  0.98  1.97  1.66  
1.91  2.85  2.75  2.75  0.43  0.97  1.95  1.64  
1.92  2.86  2.77  2.76  0.45  0.98  1.97  1.65  
1.94  2.88  2.78  2.78  0.46  1.00  1.98  1.67  
1.93  2.87  2.77  2.77  0.46  0.99  1.98  1.66  
1.93  2.87  2.78  2.77  0.46  0.99  1.98  1.66  
1.93  2.87  2.78  2.78  0.46  0.99  1.98  1.67  
1.94  2.88  2.79  2.79  0.47  1.00  1.99  1.67  
1.93  2.87  2.78  2.78  0.46  0.99  1.98  1.67  
1.92  2.86  2.76  2.76  0.44  0.98  1.96  1.65  
1.91  2.85  2.76  2.76  0.44  0.97  1.96  1.64  
1.92  2.86  2.76  2.76  0.44  0.98  1.96  1.65  
1.91  2.85  2.75  2.75  0.44  0.97  1.96  1.64  
1.93  2.87  2.77  2.77  0.45  0.99  1.97  1.66  
1.96  2.90  2.80  2.80  0.49  1.02  2.01  1.69  
1.96  2.90  2.81  2.80  0.48  1.02  2.01  1.69  
1.97  2.92  2.83  2.82  0.47  1.04  2.03  1.71  
1.97  2.92  2.82  2.82  0.47  1.04  2.02  1.71  
1.97  2.91  2.82  2.81  0.47  1.03  2.02  1.70  
1.97  2.92  2.82  2.82  0.47  1.04  2.02  1.71  
1.98  2.92  2.83  2.83  0.46  1.04  2.03  1.72  
1.98  2.93  2.84  2.84  0.45  1.05  2.04  1.73  
1.98  2.93  2.83  2.83  0.46  1.05  2.03  1.72  
1.96  2.91  2.81  2.81  0.48  1.03  2.01  1.70  
1.98  2.92  2.83  2.83  0.46  1.04  2.03  1.72  
1.97  2.92  2.82  2.82  0.47  1.04  2.03  1.71  
1.98  2.93  2.84  2.84  0.45  1.05  2.04  1.72  
1.99  2.95  2.85  2.85  0.44  1.07  2.05  1.74  
2.00  2.96  2.86  2.86  0.43  1.08  2.06  1.75  
2.00  2.96  2.87  2.87  0.42  1.08  2.07  1.75  
2.00  2.96  2.87  2.86  0.42  1.08  2.07  1.75  
2.01  2.97  2.88  2.87  0.41  1.09  2.08  1.76  
2.01  2.97  2.88  2.88  0.41  1.09  2.08  1.76  
2.01  2.97  2.88  2.88  0.41  1.09  2.08  1.76  
2.02  2.99  2.89  2.89  0.40  1.11  2.09  1.78  
2.02  2.98  2.89  2.89  0.40  1.10  2.09  1.78  
2.03  3.00  2.90  2.90  0.39  1.12  2.11  1.79  
2.04  3.02  2.92  2.92  0.37  1.14  2.12  1.81  
2.05  3.03  2.93  2.93  0.36  1.15  2.13  1.82  
2.06  3.04  2.94  2.94  0.35  1.16  2.14  1.83  
2.05  3.03  2.93  2.93  0.36  1.15  2.13  1.82  
2.05  3.02  2.93  2.93  0.36  1.14  2.13  1.82  
2.06  3.04  2.94  2.94  0.35  1.16  2.14  1.83  
2.05  3.03  2.94  2.94  0.35  1.15  2.14  1.83  
2.05  3.02  2.93  2.93  0.36  1.14  2.13  1.82  
2.06  3.04  2.95  2.95  0.34  1.16  2.15  1.84  
2.07  3.06  2.96  2.96  0.33  1.18  2.16  1.85  
2.07  3.06  2.96  2.96  0.33  1.18  2.16  1.85  
2.07  3.06  2.96  2.96  0.33  1.18  2.16  1.85  
2.09  3.08  2.99  2.99  0.30  1.20  2.19  1.87  
2.08  3.07  2.97  2.97  0.32  1.19  2.17  1.86  
2.10  3.09  3.00  2.99  0.29  1.21  2.20  1.88  
2.10  3.10  3.01  3.00  0.28  1.22  2.21  1.89  
2.11  3.11  3.02  3.02  0.27  1.23  2.22  1.91  
2.13  3.13  3.04  3.04  0.25  1.25  2.24  1.92  
2.13  3.13  3.04  3.04  0.25  1.25  2.24  1.93  
2.09  3.08  2.99  2.99  0.30  1.20  2.19  1.87  
2.10  3.10  3.00  3.00  0.29  1.22  2.21  1.89  
2.12  3.13  3.03  3.03  0.26  1.25  2.23  1.92  
2.13  3.14  3.05  3.04  0.25  1.26  2.25  1.93  
2.13  3.14  3.05  3.05  0.24  1.26  2.25  1.93  
2.12  3.13  3.04  3.03  0.26  1.25  2.24  1.92  
2.11  3.11  3.01  3.01  0.28  1.23  2.22  1.90  
2.09  3.08  2.99  2.98  0.31  1.20  2.19  1.87  
2.09  3.08  2.98  2.98  0.31  1.20  2.18  1.87  
2.09  3.08  2.99  2.99  0.30  1.20  2.19  1.87  
2.05  3.03  2.94  2.94  0.35  1.15  2.14  1.83  
2.06  3.04  2.95  2.95  0.34  1.16  2.15  1.83  
2.04  3.01  2.92  2.92  0.37  1.13  2.12  1.80  
2.00  2.95  2.86  2.86  0.43  1.07  2.06  1.74  
2.00  2.97  2.87  2.87  0.42  1.09  2.06  1.76  
1.98  2.92  2.83  2.83  0.46  1.04  2.06  1.71  
2.00  2.97  2.87  2.87  0.42  1.09  2.06  1.76  
2.01  2.98  2.89  2.89  0.40  1.10  2.06  1.78  
2.02  3.00  2.90  2.90  0.39  1.11  2.06  1.79  
2.01  2.97  2.87  2.87  0.42  1.09  2.06  1.76  
2.02  2.99  2.89  2.89  0.40  1.11  2.06  1.78  
2.01  2.98  2.88  2.88  0.41  1.10  2.06  1.77  
2.00  2.95  2.85  2.85  0.44  1.07  2.09  1.74  
1.97  2.88  2.78  2.78  0.51  1.00  2.16  1.67  
1.97  2.89  2.79  2.79  0.50  1.01  2.15  1.68  
1.97  2.90  2.80  2.78  0.49  1.02  2.14  1.69  
1.98  2.94  2.85  2.73  0.44  1.06  2.09  1.74  
1.98  2.95  2.85  2.72  0.44  1.07  2.09  1.74  
1.98  2.96  2.86  2.72  0.43  1.08  2.08  1.75  
1.98  2.97  2.88  2.70  0.41  1.09  2.06  1.77  
1.98  2.98  2.88  2.70  0.41  1.10  2.06  1.77  
1.98  2.97  2.88  2.70  0.41  1.09  2.07  1.76  
1.99  2.99  2.90  2.68  0.39  1.11  2.04  1.79  
1.99  3.01  2.91  2.67  0.38  1.13  2.03  1.80  
1.99  3.01  2.91  2.67  0.38  1.13  2.03  1.80  
1.99  3.00  2.90  2.68  0.39  1.12  2.03  1.79  
1.99  3.02  2.92  2.66  0.37  1.14  2.03  1.81  
1.98  2.99  2.89  2.69  0.40  1.10  2.03  1.78  
1.98  2.99  2.89  2.69  0.40  1.11  2.03  1.78  
1.98  2.96  2.87  2.71  0.42  1.08  2.03  1.75  
1.97  2.94  2.85  2.73  0.44  1.06  2.03  1.73  
1.97  2.95  2.85  2.73  0.44  1.07  2.03  1.74  
1.97  2.94  2.85  2.73  0.44  1.06  2.03  1.73  
1.97  2.92  2.82  2.76  0.47  1.03  2.06  1.71  
1.97  2.91  2.82  2.76  0.47  1.03  2.06  1.70  
1.97  2.92  2.83  2.75  0.46  1.04  2.05  1.71  
1.97  2.97  2.87  2.71  0.42  1.09  2.01  1.76  
1.97  2.96  2.87  2.71  0.42  1.08  2.01  1.75  
1.98  2.98  2.88  2.70  0.41  1.10  2.00  1.77  
1.98  2.99  2.89  2.69  0.40  1.11  1.99  1.78  
1.98  2.99  2.90  2.68  0.40  1.11  1.99  1.78  
1.98  2.99  2.89  2.69  0.40  1.11  1.99  1.78  
1.98  3.01  2.91  2.67  0.38  1.13  1.97  1.80  
1.98  3.03  2.93  2.65  0.36  1.14  1.97  1.82  
1.98  3.02  2.93  2.65  0.37  1.14  1.96  1.81  
1.98  3.01  2.92  2.66  0.37  1.13  1.95  1.81  
1.99  3.03  2.94  2.64  0.35  1.15  1.97  1.82  
1.99  3.03  2.94  2.64  0.35  1.15  1.97  1.82  
1.98  3.00  2.91  2.67  0.38  1.12  1.95  1.80  
1.98  3.01  2.91  2.67  0.38  1.13  1.95  1.80  
1.97  2.98  2.89  2.69  0.40  1.10  1.92  1.78  
1.97  3.00  2.90  2.68  0.39  1.12  1.94  1.79  
1.98  3.02  2.93  2.65  0.36  1.14  1.96  1.81  
1.98  3.03  2.94  2.64  0.35  1.13  1.98  1.80  
1.98  3.04  2.94  2.64  0.35  1.13  1.98  1.80  
1.98  3.05  2.95  2.63  0.34  1.12  1.99  1.79  
1.98  3.05  2.96  2.62  0.34  1.11  1.99  1.79  
1.98  3.05  2.96  2.62  0.33  1.11  1.99  1.78  
1.98  3.06  2.96  2.62  0.33  1.11  2.00  1.78  
1.98  3.05  2.96  2.62  0.33  1.11  1.99  1.78  
1.98  3.05  2.96  2.62  0.33  1.11  1.99  1.78  
1.98  3.06  2.96  2.62  0.33  1.11  2.00  1.78  
1.97  3.09  2.99  2.59  0.30  1.08  2.03  1.75  
1.97  3.09  2.99  2.59  0.30  1.08  2.03  1.75  
1.97  3.09  3.00  2.58  0.29  1.07  2.03  1.74  
1.97  3.10  3.00  2.58  0.29  1.07  2.04  1.74  
1.97  3.10  3.00  2.58  0.29  1.07  2.04  1.74  
1.97  3.10  3.01  2.57  0.28  1.06  2.04  1.73  
1.98  3.07  2.97  2.61  0.32  1.10  2.01  1.77  
1.97  3.09  2.99  2.59  0.30  1.08  2.03  1.75  
1.98  3.05  2.96  2.62  0.33  1.11  1.99  1.78  
1.98  3.03  2.93  2.65  0.36  1.14  1.97  1.81  
1.98  3.06  2.97  2.61  0.33  1.10  2.00  1.78  
1.98  3.07  2.98  2.60  0.31  1.09  2.01  1.76  
1.98  3.08  2.97  2.59  0.30  1.10  2.02  1.76  
1.98  3.08  2.97  2.59  0.30  1.10  2.02  1.76  
1.98  3.10  2.95  2.58  0.29  1.12  2.04  1.76  
1.98  3.10  2.95  2.57  0.28  1.12  2.04  1.76  
1.98  3.09  2.96  2.58  0.29  1.11  2.03  1.76  
1.98  3.07  2.98  2.60  0.31  1.09  2.01  1.76  
1.98  3.08  2.97  2.60  0.31  1.10  2.02  1.76  
1.98  3.08  2.97  2.60  0.31  1.10  2.02  1.76  
1.98  3.09  2.96  2.58  0.29  1.11  2.03  1.76  
1.98  3.09  2.97  2.59  0.30  1.10  2.03  1.76  
1.98  3.08  2.97  2.60  0.31  1.10  2.02  1.76  
1.98  3.06  3.00  2.62  0.33  1.07  2.00  1.76  
1.98  3.03  3.02  2.64  0.35  1.05  1.98  1.76  
1.98  3.04  3.01  2.64  0.35  1.06  1.98  1.76  
1.98  3.01  3.04  2.66  0.37  1.03  1.95  1.76  
1.98  3.02  3.03  2.65  0.36  1.04  1.96  1.76  
1.98  3.05  3.00  2.63  0.34  1.07  1.99  1.76  
1.98  3.04  3.01  2.63  0.34  1.06  1.98  1.76  
1.98  3.06  2.99  2.62  0.33  1.08  2.00  1.76  
1.98  3.07  2.98  2.61  0.32  1.08  2.01  1.76  
1.98  3.08  2.97  2.59  0.30  1.10  2.02  1.76  
1.98  3.09  2.96  2.59  0.30  1.10  2.03  1.76  
1.98  3.08  2.98  2.60  0.31  1.09  2.02  1.76  
1.97  3.09  2.96  2.59  0.30  1.08  2.03  1.78  
1.98  3.08  2.97  2.60  0.31  1.09  2.02  1.77  
1.98  3.06  2.99  2.62  0.33  1.11  2.00  1.75  
1.98  3.06  2.99  2.61  0.33  1.11  2.00  1.75  
1.98  3.07  2.98  2.61  0.32  1.10  2.01  1.75  
1.98  3.09  2.97  2.59  0.30  1.09  2.03  1.77  
1.98  3.05  3.00  2.62  0.33  1.12  1.99  1.74  
1.98  3.07  2.98  2.61  0.32  1.10  2.01  1.76  
1.98  3.07  2.98  2.61  0.32  1.10  2.01  1.76  
1.98  3.07  2.98  2.60  0.31  1.10  2.01  1.76  
1.98  3.08  2.97  2.60  0.31  1.09  2.02  1.76  
1.98  3.05  3.00  2.63  0.34  1.12  1.99  1.73  
1.98  3.05  3.00  2.63  0.34  1.12  1.99  1.74  
1.98  3.04  3.01  2.64  0.35  1.13  1.98  1.73  
1.98  3.03  3.02  2.65  0.36  1.14  1.97  1.72  
1.99  3.00  3.05  2.67  0.38  1.17  1.94  1.69  
1.99  2.99  3.06  2.68  0.39  1.18  1.96  1.68  
1.99  3.00  3.06  2.68  0.39  1.17  1.95  1.68  
1.99  2.99  3.06  2.68  0.39  1.18  1.95  1.68  
2.00  2.98  3.07  2.70  0.41  1.19  1.97  1.67  
2.00  2.98  3.08  2.70  0.41  1.19  1.97  1.67  
1.99  3.00  3.05  2.68  0.39  1.21  1.95  1.64  
1.99  3.00  3.05  2.68  0.39  1.21  1.95  1.65  
2.00  2.98  3.07  2.70  0.41  1.19  1.97  1.67  
2.00  2.98  3.07  2.70  0.41  1.19  1.97  1.67  
2.00  2.98  3.07  2.69  0.41  1.19  1.97  1.66  
1.99  2.99  3.06  2.68  0.39  1.21  1.96  1.65  
1.99  2.99  3.06  2.68  0.39  1.21  1.96  1.65  
1.99  3.00  3.05  2.67  0.38  1.22  1.94  1.64  
1.99  3.00  3.05  2.68  0.39  1.21  1.95  1.65  
1.99  2.99  3.06  2.68  0.39  1.21  1.96  1.65  
1.99  3.00  3.05  2.67  0.38  1.22  1.94  1.64  
1.98  3.02  3.03  2.66  0.37  1.23  1.93  1.63  
1.98  3.01  3.04  2.66  0.37  1.23  1.93  1.63  
1.98  3.03  3.02  2.65  0.36  1.24  1.92  1.62  
1.98  3.03  3.03  2.65  0.36  1.25  1.93  1.62  
1.97  3.02  3.02  2.65  0.36  1.24  1.92  1.61  
2.00  3.05  3.05  2.67  0.38  1.26  1.94  1.64  
2.00  3.05  3.04  2.67  0.38  1.26  1.94  1.64  
1.99  3.04  3.04  2.66  0.37  1.25  1.93  1.63  
1.98  3.03  3.03  2.65  0.37  1.25  1.93  1.62  
1.99  3.04  3.04  2.66  0.37  1.25  1.93  1.63  
1.99  3.04  3.04  2.66  0.37  1.25  1.93  1.63  
2.00  3.05  3.05  2.67  0.38  1.27  1.95  1.64  
2.01  3.06  3.06  2.69  0.40  1.28  1.96  1.65  
2.01  3.06  3.06  2.68  0.39  1.27  1.95  1.65  
1.99  3.04  3.04  2.66  0.37  1.25  1.93  1.63  
1.99  3.04  3.04  2.66  0.37  1.25  1.94  1.63  
1.98  3.03  3.03  2.66  0.37  1.25  1.93  1.62  
1.98  3.03  3.03  2.65  0.36  1.25  1.93  1.62  
1.99  3.04  3.04  2.66  0.37  1.25  1.93  1.63  
1.99  3.04  3.03  2.66  0.37  1.25  1.93  1.63  
2.00  3.05  3.05  2.67  0.38  1.26  1.94  1.64  
1.99  3.04  3.03  2.66  0.37  1.25  1.93  1.63  
1.97  3.01  3.01  2.64  0.35  1.23  1.91  1.61  
1.96  3.01  3.01  2.64  0.35  1.23  1.91  1.60  
1.97  3.02  3.02  2.64  0.35  1.23  1.91  1.61  
1.96  3.01  3.01  2.63  0.34  1.22  1.91  1.60  
1.96  3.00  3.00  2.63  0.34  1.22  1.91  1.59  
1.96  3.00  3.00  2.63  0.34  1.22  1.91  1.59  
1.96  3.01  3.00  2.63  0.34  1.22  1.91  1.60  
1.97  3.02  3.01  2.64  0.35  1.23  1.90  1.61  
1.96  3.01  3.01  2.63  0.34  1.22  1.91  1.60  
1.96  3.01  3.01  2.64  0.35  1.23  1.90  1.60  
1.96  3.00  3.00  2.63  0.34  1.22  1.91  1.59  
1.95  3.00  3.00  2.62  0.33  1.22  1.92  1.59  
1.96  3.00  3.00  2.62  0.34  1.22  1.92  1.59  
1.96  3.01  3.01  2.64  0.35  1.23  1.90  1.60  
2.00  3.06  3.06  2.68  0.40  1.28  1.86  1.65  
2.00  3.06  3.06  2.68  0.40  1.28  1.86  1.65  
1.99  3.04  3.04  2.67  0.38  1.26  1.87  1.64  
1.99  3.06  3.05  2.68  0.39  1.27  1.86  1.65  
2.00  3.06  3.06  2.68  0.39  1.28  1.86  1.65  
2.00  3.07  3.06  2.69  0.40  1.28  1.85  1.66  
2.02  3.09  3.08  2.71  0.42  1.30  1.83  1.68  
2.02  3.09  3.09  2.71  0.42  1.30  1.83  1.68  
2.03  3.10  3.10  2.72  0.43  1.31  1.83  1.69  
2.03  3.10  3.10  2.72  0.43  1.31  1.83  1.69  
2.04  3.11  3.11  2.73  0.45  1.33  1.84  1.70  
2.03  3.10  3.10  2.73  0.44  1.32  1.84  1.71  
2.06  3.15  3.14  2.77  0.48  1.36  1.88  1.67  
2.08  3.17  3.16  2.79  0.50  1.38  1.90  1.65  
2.07  3.16  3.16  2.78  0.49  1.38  1.89  1.65  
2.09  3.18  3.18  2.80  0.51  1.39  1.91  1.63  
2.09  3.18  3.18  2.80  0.51  1.39  1.91  1.64  
2.07  3.16  3.15  2.78  0.49  1.37  1.89  1.66  
2.07  3.16  3.16  2.78  0.50  1.38  1.89  1.65  
2.11  3.21  3.21  2.84  0.55  1.43  1.95  1.60  
2.10  3.20  3.20  2.82  0.53  1.41  1.93  1.61  
2.10  3.20  3.20  2.83  0.54  1.42  1.93  1.61  
2.11  3.22  3.21  2.84  0.55  1.43  1.95  1.60  
2.11  3.20  3.20  2.83  0.54  1.42  1.94  1.61  
2.08  3.17  3.17  2.79  0.50  1.38  1.90  1.64  
2.09  3.19  3.19  2.81  0.52  1.40  1.92  1.62  
2.09  3.19  3.19  2.81  0.52  1.40  1.92  1.63  
2.09  3.18  3.17  2.80  0.51  1.39  1.91  1.64  
2.09  3.18  3.18  2.80  0.51  1.39  1.91  1.64  
2.10  3.20  3.20  2.82  0.53  1.42  1.93  1.61  
2.11  3.21  3.21  2.83  0.54  1.43  1.94  1.60  
2.11  3.21  3.21  2.83  0.55  1.42  1.94  1.60  
2.11  3.22  3.21  2.84  0.54  1.43  1.95  1.60  
2.11  3.22  3.21  2.84  0.54  1.43  1.95  1.60  
2.12  3.23  3.23  2.86  0.52  1.45  1.96  1.58  
2.12  3.23  3.23  2.85  0.52  1.45  1.96  1.58  
2.11  3.20  3.20  2.83  0.55  1.42  1.94  1.61  
2.11  3.21  3.21  2.84  0.54  1.43  1.94  1.60  
2.11  3.21  3.21  2.83  0.54  1.42  1.94  1.60  
2.11  3.21  3.21  2.84  0.54  1.43  1.95  1.60  
2.12  3.23  3.23  2.85  0.52  1.45  1.96  1.58  
2.11  3.20  3.20  2.83  0.55  1.42  1.94  1.61  
2.11  3.20  3.20  2.83  0.55  1.42  1.93  1.61  
2.11  3.21  3.21  2.83  0.54  1.42  1.94  1.60  
2.11  3.21  3.21  2.83  0.54  1.43  1.94  1.60  
2.11  3.22  3.21  2.84  0.54  1.43  1.95  1.60  
2.12  3.22  3.22  2.85  0.53  1.44  1.96  1.59  
2.13  3.27  3.27  2.89  0.49  1.48  2.00  1.55  
2.14  3.28  3.28  2.90  0.48  1.49  2.01  1.54  
2.14  3.29  3.29  2.91  0.47  1.50  2.02  1.52  
2.14  3.29  3.28  2.92  0.47  1.50  2.02  1.52  
2.15  3.29  3.29  2.91  0.46  1.51  2.03  1.53  
2.14  3.27  3.27  2.93  0.48  1.49  2.01  1.51  
2.13  3.27  3.27  2.93  0.48  1.48  2.00  1.51  
2.14  3.27  3.27  2.93  0.48  1.49  2.00  1.51  
2.13  3.25  3.25  2.95  0.51  1.46  1.98  1.48  
2.12  3.24  3.24  2.96  0.51  1.46  1.97  1.48  
2.13  3.26  3.26  2.94  0.50  1.47  1.99  1.49  
2.13  3.25  3.25  2.95  0.51  1.46  1.98  1.49  
2.13  3.27  3.27  2.93  0.49  1.48  2.00  1.50  
2.13  3.27  3.27  2.93  0.49  1.48  2.00  1.50  
2.13  3.25  3.25  2.95  0.51  1.46  1.98  1.48  
2.12  3.23  3.22  2.98  0.53  1.44  1.96  1.46  
2.12  3.22  3.22  2.98  0.53  1.44  1.96  1.46  
2.11  3.21  3.21  2.99  0.54  1.43  1.94  1.45  
2.11  3.21  3.21  2.99  0.55  1.42  1.94  1.44  
2.11  3.20  3.20  3.00  0.55  1.42  1.93  1.44  
2.11  3.21  3.21  2.99  0.55  1.42  1.94  1.44  
2.10  3.19  3.18  3.02  0.57  1.40  1.92  1.42  
2.10  3.18  3.18  3.02  0.57  1.39  1.92  1.42  
2.10  3.18  3.18  3.02  0.57  1.40  1.92  1.42  
2.09  3.17  3.17  3.03  0.58  1.39  1.92  1.41  
2.10  3.19  3.19  3.01  0.57  1.40  1.92  1.42  
2.10  3.18  3.18  3.02  0.57  1.40  1.92  1.42  
2.10  3.19  3.19  3.01  0.56  1.40  1.92  1.43  
2.10  3.18  3.17  3.03  0.58  1.39  1.93  1.41  
2.10  3.17  3.17  3.03  0.58  1.39  1.94  1.41  
2.10  3.20  3.20  3.00  0.55  1.41  1.91  1.44  
2.10  3.20  3.19  3.01  0.56  1.41  1.91  1.43  
2.10  3.21  3.21  2.99  0.55  1.42  1.90  1.44  
2.10  3.20  3.19  3.01  0.56  1.41  1.91  1.43  
2.10  3.17  3.17  3.03  0.58  1.39  1.93  1.41  
2.10  3.17  3.17  3.03  0.58  1.39  1.94  1.41  
2.10  3.17  3.17  3.03  0.58  1.39  1.93  1.41  
2.10  3.17  3.16  3.04  0.59  1.38  1.94  1.40  
2.10  3.18  3.18  3.02  0.57  1.40  1.93  1.42  
2.10  3.18  3.18  3.02  0.57  1.40  1.92  1.42  
2.10  3.18  3.18  3.02  0.58  1.39  1.93  1.41  
2.10  3.20  3.20  3.00  0.55  1.41  1.91  1.44  
2.10  3.20  3.19  3.00  0.56  1.41  1.91  1.43  
2.10  3.19  3.19  3.01  0.56  1.41  1.91  1.43  
2.10  3.18  3.18  3.02  0.58  1.39  1.93  1.41  
2.10  3.18  3.18  3.02  0.57  1.40  1.92  1.42  
2.10  3.19  3.19  3.01  0.56  1.40  1.92  1.43  
2.10  3.18  3.17  3.02  0.58  1.40  1.93  1.41  
2.10  3.18  3.18  3.02  0.58  1.40  1.93  1.41  
2.10  3.16  3.16  3.04  0.59  1.40  1.95  1.40  
2.10  3.16  3.16  3.04  0.59  1.40  1.95  1.40  
2.10  3.16  3.16  3.04  0.59  1.40  1.95  1.40  
2.10  3.18  3.17  3.02  0.58  1.40  1.93  1.41  
2.10  3.17  3.17  3.03  0.58  1.40  1.93  1.41  
2.10  3.17  3.16  3.04  0.59  1.40  1.94  1.40  
2.10  3.16  3.16  3.04  0.59  1.40  1.94  1.40  
2.10  3.18  3.18  3.02  0.58  1.40  1.93  1.41  
2.10  3.20  3.20  3.00  0.56  1.40  1.91  1.43  
2.10  3.20  3.20  3.00  0.56  1.40  1.91  1.43  
2.10  3.20  3.20  3.00  0.55  1.40  1.91  1.44  
2.10  3.20  3.20  3.00  0.55  1.40  1.91  1.44  
2.10  3.19  3.19  3.01  0.57  1.40  1.92  1.42  
2.10  3.19  3.19  3.01  0.56  1.40  1.91  1.43  
2.10  3.19  3.19  3.01  0.56  1.40  1.91  1.43  
2.10  3.18  3.18  3.02  0.58  1.40  1.93  1.41  
2.10  3.15  3.14  3.05  0.61  1.40  1.96  1.38  
2.11  3.17  3.12  3.08  0.63  1.40  1.99  1.36  
2.11  3.18  3.11  3.07  0.65  1.40  2.00  1.35  
2.11  3.19  3.10  3.06  0.65  1.40  2.01  1.34  
2.11  3.20  3.09  3.05  0.66  1.40  2.01  1.33  
2.11  3.23  3.06  3.02  0.69  1.40  2.04  1.30  
2.11  3.22  3.07  3.03  0.68  1.40  2.04  1.31  
2.11  3.24  3.05  3.01  0.70  1.40  2.05  1.29  
2.11  3.24  3.05  3.01  0.70  1.40  2.05  1.29  
2.11  3.23  3.06  3.02  0.69  1.40  2.05  1.30  
2.11  3.23  3.06  3.02  0.69  1.40  2.04  1.30  
2.11  3.25  3.04  3.00  0.72  1.40  2.07  1.27  
2.11  3.25  3.04  3.00  0.71  1.40  2.07  1.28  
2.11  3.24  3.05  3.01  0.70  1.40  2.05  1.29  
2.11  3.24  3.06  3.02  0.70  1.40  2.05  1.29  
2.11  3.23  3.06  3.02  0.69  1.40  2.05  1.30  
2.11  3.26  3.04  3.00  0.72  1.40  2.07  1.27  
2.11  3.25  3.04  3.00  0.71  1.40  2.07  1.28  
2.11  3.25  3.04  3.00  0.71  1.40  2.06  1.28  
2.11  3.27  3.02  2.98  0.73  1.40  2.08  1.26  
2.11  3.28  3.01  2.97  0.74  1.40  2.09  1.25  
2.11  3.29  3.00  2.96  0.75  1.40  2.10  1.24  
2.11  3.28  3.01  2.97  0.74  1.40  2.10  1.25  
2.11  3.28  3.02  2.98  0.74  1.40  2.09  1.25  
2.11  3.29  3.01  2.96  0.75  1.40  2.10  1.24  
2.11  3.23  3.06  3.02  0.69  1.40  2.05  1.30  
2.11  3.24  3.05  3.01  0.70  1.40  2.06  1.29  
2.11  3.20  3.09  3.05  0.66  1.40  2.02  1.33  
2.11  3.18  3.11  3.07  0.64  1.40  2.02  1.35  
2.11  3.19  3.10  3.06  0.65  1.40  2.02  1.34  
2.11  3.20  3.09  3.05  0.66  1.40  2.02  1.33  
2.11  3.20  3.09  3.05  0.66  1.40  2.02  1.33  
2.11  3.18  3.11  3.07  0.64  1.40  2.02  1.35  
2.11  3.19  3.10  3.06  0.65  1.40  2.02  1.34  
2.11  3.20  3.09  3.05  0.66  1.40  2.02  1.33  
2.11  3.19  3.10  3.06  0.66  1.40  2.02  1.33  
2.11  3.19  3.10  3.06  0.65  1.40  2.02  1.34  
2.11  3.18  3.11  3.07  0.64  1.40  2.02  1.35  
2.11  3.18  3.11  3.07  0.64  1.40  2.02  1.35  
2.11  3.18  3.11  3.07  0.65  1.40  2.01  1.34  
2.11  3.18  3.11  3.07  0.65  1.40  2.01  1.34  
2.11  3.19  3.10  3.06  0.65  1.39  2.00  1.34  
2.10  3.20  3.10  3.06  0.66  1.39  2.00  1.33  
2.11  3.19  3.10  3.06  0.65  1.40  2.01  1.34  
2.11  3.17  3.12  3.08  0.63  1.41  2.02  1.36  
2.11  3.18  3.11  3.07  0.64  1.40  2.01  1.35  
2.10  3.21  3.08  3.04  0.67  1.37  2.01  1.32  
2.10  3.21  3.08  3.04  0.67  1.37  2.01  1.32  
2.10  3.21  3.08  3.04  0.67  1.37  2.01  1.32  
2.10  3.20  3.09  3.05  0.66  1.38  2.01  1.33  
2.10  3.20  3.09  3.05  0.66  1.38  2.01  1.33  
2.10  3.21  3.09  3.05  0.67  1.38  2.01  1.32  
2.10  3.20  3.09  3.05  0.66  1.38  2.01  1.33  
2.11  3.19  3.10  3.06  0.65  1.39  2.01  1.34  
2.11  3.18  3.11  3.07  0.64  1.40  2.01  1.35  
2.12  3.16  3.13  3.09  0.62  1.42  2.03  1.37  
2.12  3.14  3.15  3.11  0.61  1.44  2.05  1.38  
2.12  3.15  3.14  3.10  0.61  1.43  2.04  1.38  
2.12  3.15  3.14  3.10  0.62  1.43  2.04  1.37  
2.11  3.17  3.12  3.08  0.63  1.41  2.02  1.36  
2.11  3.19  3.10  3.06  0.65  1.39  2.00  1.34  
2.11  3.18  3.11  3.07  0.65  1.40  2.01  1.35  
2.11  3.18  3.11  3.07  0.66  1.40  2.01  1.35  
2.11  3.18  3.11  3.07  0.65  1.40  2.01  1.35  
2.12  3.17  3.13  3.08  0.67  1.42  2.02  1.36  
2.12  3.17  3.12  3.08  0.67  1.41  2.02  1.36  
2.11  3.18  3.11  3.07  0.66  1.40  2.01  1.35  
2.11  3.18  3.11  3.07  0.66  1.40  2.01  1.35  
2.12  3.17  3.13  3.09  0.67  1.42  2.02  1.36  
2.14  3.13  3.16  3.12  0.70  1.45  2.06  1.39  
2.14  3.14  3.16  3.12  0.70  1.45  2.05  1.39  
2.13  3.15  3.14  3.10  0.68  1.43  2.04  1.37  
2.15  3.12  3.17  3.13  0.71  1.46  2.07  1.40  
2.14  3.14  3.15  3.11  0.70  1.44  2.05  1.39  
2.15  3.13  3.16  3.12  0.71  1.45  2.06  1.40  
2.15  3.12  3.17  3.13  0.71  1.46  2.07  1.40  
2.14  3.14  3.16  3.12  0.70  1.45  2.05  1.39  
2.13  3.15  3.14  3.10  0.69  1.43  2.04  1.38  
2.13  3.15  3.14  3.10  0.68  1.43  2.04  1.38  
2.12  3.17  3.13  3.09  0.67  1.42  2.03  1.36  
2.12  3.17  3.12  3.08  0.67  1.41  2.02  1.36  
2.13  3.18  3.13  3.09  0.66  1.42  2.03  1.37  
2.11  3.16  3.12  3.08  0.67  1.41  2.02  1.35  
2.11  3.16  3.11  3.07  0.68  1.40  2.01  1.35  
2.10  3.13  3.09  3.05  0.70  1.38  2.01  1.33  
2.10  3.13  3.09  3.05  0.70  1.38  2.01  1.33  
2.09  3.12  3.08  3.04  0.71  1.37  2.02  1.32  
2.09  3.12  3.08  3.04  0.71  1.37  2.02  1.32  
2.10  3.13  3.09  3.05  0.70  1.38  2.01  1.32  
2.09  3.12  3.08  3.04  0.71  1.37  2.02  1.31  
2.10  3.15  3.10  3.06  0.69  1.39  2.00  1.34  
2.10  3.15  3.10  3.06  0.69  1.39  2.00  1.34  
2.10  3.14  3.09  3.05  0.70  1.38  2.01  1.33  
2.10  3.14  3.09  3.05  0.70  1.38  2.01  1.33  
2.10  3.13  3.09  3.05  0.71  1.38  2.01  1.32  
2.10  3.13  3.08  3.04  0.71  1.37  2.02  1.32  
2.10  3.13  3.08  3.04  0.71  1.37  2.02  1.32  
2.10  3.13  3.09  3.05  0.72  1.38  2.01  1.32  
2.09  3.12  3.07  3.03  0.70  1.36  2.03  1.31  
2.08  3.10  3.05  3.01  0.68  1.34  2.05  1.29  
2.08  3.10  3.05  3.01  0.68  1.34  2.05  1.29  
2.07  3.10  3.05  3.01  0.68  1.34  2.05  1.29  
2.09  3.11  3.07  3.03  0.70  1.36  2.03  1.31  
2.09  3.12  3.08  3.04  0.70  1.37  2.02  1.31  
2.09  3.12  3.07  3.03  0.70  1.36  2.03  1.31  
2.10  3.13  3.09  3.05  0.72  1.38  2.01  1.33  
2.09  3.12  3.08  3.04  0.71  1.37  2.02  1.31  
2.10  3.13  3.09  3.05  0.72  1.38  2.01  1.33  
2.10  3.13  3.08  3.04  0.71  1.37  2.01  1.32  
2.10  3.13  3.08  3.04  0.71  1.37  2.02  1.32  
2.09  3.13  3.08  3.04  0.71  1.37  2.02  1.32  
2.09  3.12  3.07  3.03  0.70  1.36  2.03  1.31  
2.09  3.12  3.07  3.03  0.70  1.36  2.03  1.31  
2.08  3.11  3.06  3.02  0.69  1.35  2.04  1.30  
2.08  3.10  3.06  3.02  0.69  1.35  2.04  1.30  
2.09  3.11  3.07  3.03  0.70  1.36  2.03  1.30  
2.09  3.11  3.07  3.03  0.70  1.36  2.03  1.31  
2.09  3.12  3.08  3.04  0.71  1.37  2.02  1.32  
2.08  3.11  3.06  3.02  0.69  1.35  2.04  1.30  
2.08  3.10  3.05  3.01  0.68  1.37  2.05  1.29  
2.08  3.10  3.05  3.01  0.68  1.37  2.05  1.29  
2.07  3.09  3.04  3.00  0.67  1.38  2.06  1.28  
2.08  3.09  3.05  3.01  0.67  1.37  2.05  1.28  
2.08  3.09  3.05  3.01  0.68  1.37  2.05  1.28  
2.07  3.08  3.04  3.00  0.67  1.38  2.06  1.27  
2.07  3.08  3.04  3.00  0.67  1.38  2.06  1.28  
2.07  3.08  3.04  3.00  0.67  1.38  2.06  1.27  
2.07  3.08  3.03  2.99  0.66  1.38  2.07  1.27  
2.08  3.10  3.05  3.01  0.68  1.36  2.05  1.29  
2.08  3.10  3.05  3.01  0.68  1.37  2.05  1.29  
2.07  3.09  3.04  3.00  0.67  1.37  2.06  1.28  
2.08  3.10  3.05  3.01  0.68  1.37  2.05  1.29  
2.08  3.11  3.06  3.02  0.69  1.35  2.03  1.30  
2.09  3.12  3.07  3.03  0.70  1.34  2.03  1.31  
2.09  3.12  3.08  3.04  0.71  1.34  2.02  1.32  
2.10  3.14  3.09  3.05  0.72  1.33  2.01  1.33  
2.09  3.13  3.08  3.04  0.71  1.34  2.02  1.32  
2.09  3.12  3.08  3.04  0.71  1.34  2.02  1.31  
2.09  3.14  3.10  3.06  0.68  1.32  2.00  1.34  
2.09  3.14  3.10  3.06  0.68  1.32  2.00  1.33  
2.09  3.15  3.10  3.06  0.68  1.32  2.00  1.34  
2.09  3.14  3.10  3.06  0.68  1.32  2.00  1.33  
2.09  3.14  3.09  3.05  0.69  1.33  2.00  1.33  
2.09  3.14  3.09  3.05  0.69  1.33  2.00  1.33  
2.09  3.15  3.11  3.03  0.67  1.31  2.01  1.34  
2.09  3.14  3.10  3.04  0.68  1.32  2.00  1.33  
2.09  3.15  3.10  3.04  0.68  1.31  2.01  1.34  
2.09  3.15  3.10  3.04  0.68  1.31  2.01  1.34  
2.09  3.14  3.10  3.04  0.68  1.32  2.00  1.33  
2.09  3.15  3.10  3.04  0.68  1.32  2.01  1.34  
2.09  3.15  3.10  3.04  0.68  1.32  2.01  1.34  
2.09  3.18  3.13  3.01  0.65  1.29  2.04  1.37  
2.10  3.18  3.13  3.01  0.65  1.28  2.04  1.37  
2.10  3.19  3.14  3.00  0.64  1.28  2.05  1.38  
2.10  3.19  3.15  3.00  0.64  1.27  2.05  1.38  
2.10  3.20  3.15  2.99  0.63  1.26  2.06  1.39  
2.10  3.20  3.16  2.98  0.63  1.26  2.06  1.39  
2.10  3.19  3.14  3.00  0.64  1.28  2.05  1.38  
2.10  3.19  3.14  3.00  0.64  1.28  2.05  1.38  
2.10  3.20  3.16  2.98  0.62  1.28  2.06  1.39  
2.10  3.19  3.15  2.99  0.63  1.28  2.06  1.39  
2.10  3.19  3.14  3.00  0.64  1.28  2.05  1.38  
2.10  3.19  3.14  3.00  0.64  1.28  2.05  1.38  
2.10  3.20  3.16  2.98  0.62  1.28  2.07  1.39  
2.10  3.20  3.16  2.98  0.62  1.28  2.06  1.39  
2.10  3.20  3.16  2.98  0.62  1.28  2.07  1.40  
2.10  3.19  3.15  2.99  0.63  1.28  2.06  1.39  
2.10  3.20  3.16  2.98  0.62  1.28  2.06  1.39  
2.10  3.22  3.17  2.97  0.61  1.28  2.08  1.41  
2.11  3.23  3.18  2.96  0.60  1.28  2.09  1.42  
2.11  3.23  3.19  2.95  0.59  1.28  2.10  1.43  
2.11  3.22  3.18  2.96  0.60  1.28  2.09  1.42  
2.11  3.22  3.18  2.96  0.60  1.28  2.09  1.42  
2.10  3.21  3.16  2.98  0.62  1.28  2.07  1.40  
2.10  3.19  3.14  3.00  0.64  1.28  2.05  1.38  
2.09  3.18  3.14  3.00  0.64  1.28  2.05  1.37  
2.09  3.18  3.14  3.00  0.64  1.28  2.05  1.37  
2.10  3.19  3.15  2.99  0.63  1.28  2.05  1.39  
2.09  3.18  3.14  3.00  0.65  1.28  2.05  1.37  
2.09  3.18  3.14  3.00  0.64  1.28  2.05  1.37  
2.09  3.16  3.12  3.02  0.66  1.28  2.05  1.36  
2.09  3.16  3.12  3.02  0.67  1.28  2.05  1.35  
2.09  3.16  3.12  3.02  0.66  1.28  2.05  1.36  
2.09  3.17  3.12  3.02  0.66  1.28  2.05  1.36  
2.09  3.17  3.12  3.02  0.66  1.28  2.05  1.36  
2.09  3.17  3.12  3.02  0.66  1.28  2.05  1.36  
2.10  3.18  3.14  3.04  0.64  1.28  2.05  1.38  
2.09  3.17  3.12  3.02  0.66  1.28  2.05  1.36  
2.09  3.16  3.12  3.02  0.66  1.28  2.05  1.36  
2.09  3.16  3.11  3.01  0.67  1.28  2.05  1.35  
2.09  3.16  3.12  3.01  0.67  1.28  2.05  1.35  
2.09  3.17  3.12  3.02  0.66  1.28  2.05  1.36  
2.09  3.17  3.12  3.02  0.66  1.28  2.05  1.36  
2.10  3.18  3.13  3.03  0.65  1.28  2.05  1.37  
2.10  3.18  3.13  3.03  0.65  1.28  2.05  1.37  
2.11  3.21  3.16  3.06  0.62  1.28  2.05  1.40  
2.11  3.20  3.16  3.06  0.62  1.28  2.04  1.40  
2.10  3.20  3.15  3.05  0.63  1.28  2.03  1.39  
2.11  3.20  3.16  3.05  0.63  1.28  2.04  1.39  
2.11  3.20  3.16  3.06  0.62  1.28  2.04  1.40  
2.11  3.20  3.16  3.06  0.62  1.28  2.04  1.39  
2.11  3.21  3.17  3.06  0.62  1.29  2.05  1.40  
2.11  3.21  3.17  3.06  0.61  1.29  2.05  1.40  
2.11  3.21  3.16  3.06  0.62  1.28  2.05  1.40  
2.13  3.23  3.19  3.08  0.60  1.30  2.07  1.42  
2.16  3.27  3.22  3.12  0.56  1.34  2.11  1.46  
2.16  3.27  3.23  3.12  0.56  1.34  2.11  1.46  
2.15  3.26  3.22  3.11  0.57  1.33  2.10  1.45  
2.14  3.25  3.20  3.10  0.58  1.32  2.09  1.44  
2.14  3.24  3.20  3.10  0.58  1.32  2.08  1.44  
2.13  3.23  3.19  3.08  0.60  1.30  2.07  1.42  
2.13  3.24  3.19  3.09  0.59  1.31  2.08  1.43  
2.13  3.24  3.20  3.09  0.59  1.31  2.08  1.43  
2.15  3.26  3.21  3.11  0.57  1.33  2.09  1.45  
2.15  3.27  3.22  3.12  0.56  1.34  2.10  1.46  
2.16  3.27  3.23  3.13  0.55  1.35  2.11  1.47  
2.15  3.26  3.21  3.11  0.57  1.33  2.10  1.45  
2.15  3.26  3.22  3.12  0.56  1.34  2.10  1.46  
2.13  3.24  3.19  3.09  0.59  1.31  2.07  1.43  
2.13  3.24  3.19  3.09  0.59  1.31  2.07  1.43  
2.14  3.25  3.21  3.10  0.58  1.32  2.09  1.44  
2.14  3.25  3.21  3.11  0.57  1.33  2.09  1.45  
2.14  3.25  3.21  3.11  0.57  1.33  2.09  1.45  
2.15  3.26  3.21  3.11  0.57  1.33  2.10  1.45  
2.16  3.27  3.22  3.12  0.56  1.34  2.11  1.46  
2.17  3.29  3.24  3.14  0.54  1.36  2.13  1.48  
2.17  3.29  3.25  3.15  0.53  1.37  2.13  1.49  
2.16  3.27  3.23  3.13  0.55  1.35  2.11  1.47  
2.16  3.28  3.24  3.13  0.55  1.35  2.12  1.47  
2.16  3.28  3.24  3.13  0.55  1.36  2.12  1.47  
2.17  3.29  3.25  3.15  0.53  1.37  2.13  1.48  
2.17  3.29  3.24  3.15  0.54  1.36  2.12  1.48  
2.17  3.29  3.24  3.15  0.54  1.36  2.13  1.48  
2.17  3.29  3.24  3.15  0.54  1.36  2.12  1.48  
2.18  3.31  3.26  3.13  0.52  1.38  2.14  1.50  
2.18  3.30  3.26  3.14  0.52  1.38  2.14  1.49  
2.16  3.28  3.23  3.16  0.55  1.35  2.11  1.47  
2.18  3.30  3.26  3.13  0.52  1.38  2.14  1.50  
2.18  3.31  3.26  3.13  0.52  1.38  2.14  1.50  
2.19  3.32  3.28  3.11  0.50  1.40  2.16  1.52  
2.18  3.32  3.27  3.12  0.51  1.39  2.15  1.51  
2.19  3.33  3.28  3.11  0.50  1.40  2.16  1.52  
2.19  3.34  3.29  3.10  0.49  1.41  2.17  1.53  
2.19  3.34  3.29  3.10  0.49  1.41  2.18  1.53  
2.19  3.34  3.29  3.10  0.49  1.41  2.18  1.53  
2.19  3.35  3.30  3.09  0.48  1.42  2.18  1.54  
2.19  3.34  3.30  3.09  0.48  1.42  2.18  1.54  
2.18  3.31  3.33  3.12  0.45  1.39  2.15  1.51  
2.18  3.31  3.34  3.13  0.45  1.38  2.14  1.50  
2.18  3.31  3.33  3.13  0.45  1.38  2.15  1.50  
2.18  3.31  3.34  3.13  0.45  1.38  2.14  1.50  
2.19  3.33  3.31  3.11  0.47  1.40  2.17  1.52  
2.19  3.33  3.31  3.11  0.47  1.40  2.17  1.52  
2.20  3.35  3.29  3.09  0.49  1.42  2.19  1.54  
2.20  3.36  3.28  3.08  0.50  1.43  2.19  1.55  
2.19  3.33  3.31  3.10  0.47  1.41  2.17  1.53  
2.18  3.32  3.32  3.12  0.46  1.39  2.15  1.51  
2.18  3.31  3.33  3.13  0.45  1.38  2.15  1.50  
2.18  3.31  3.33  3.13  0.45  1.38  2.14  1.50  
2.17  3.29  3.35  3.15  0.43  1.36  2.13  1.48  
2.17  3.29  3.35  3.14  0.43  1.37  2.13  1.49  
2.17  3.29  3.35  3.14  0.43  1.37  2.13  1.49  
2.17  3.28  3.36  3.16  0.42  1.35  2.12  1.47  
2.16  3.28  3.36  3.16  0.42  1.35  2.11  1.47  
2.16  3.27  3.37  3.17  0.41  1.34  2.11  1.46  
2.16  3.28  3.36  3.16  0.42  1.35  2.11  1.47  
2.17  3.28  3.36  3.16  0.42  1.35  2.11  1.47  
2.16  3.27  3.37  3.17  0.41  1.34  2.11  1.46  
2.17  3.29  3.35  3.15  0.43  1.36  2.11  1.48  
2.17  3.29  3.35  3.15  0.43  1.36  2.11  1.48  
2.16  3.27  3.37  3.17  0.41  1.34  2.11  1.46  
2.16  3.27  3.37  3.17  0.41  1.34  2.12  1.46  
2.17  3.29  3.35  3.14  0.43  1.37  2.09  1.49  
2.17  3.30  3.35  3.14  0.44  1.37  2.09  1.49  
2.17  3.32  3.33  3.12  0.45  1.39  2.07  1.51  
2.17  3.32  3.33  3.12  0.46  1.39  2.07  1.51  
2.17  3.32  3.32  3.12  0.46  1.39  2.07  1.51  
2.17  3.32  3.32  3.11  0.46  1.40  2.08  1.52  
2.17  3.32  3.32  3.11  0.46  1.40  2.08  1.52  
2.18  3.33  3.31  3.11  0.47  1.40  2.08  1.52  
2.18  3.33  3.31  3.11  0.47  1.40  2.08  1.52  
2.17  3.32  3.32  3.12  0.46  1.39  2.07  1.51  
2.16  3.29  3.35  3.15  0.43  1.36  2.04  1.48  
2.17  3.32  3.32  3.11  0.46  1.40  2.08  1.52  
2.18  3.34  3.30  3.10  0.48  1.41  2.09  1.53  
2.18  3.35  3.30  3.09  0.49  1.42  2.10  1.54  
2.18  3.35  3.29  3.09  0.49  1.42  2.10  1.54  
2.18  3.35  3.30  3.09  0.49  1.42  2.10  1.54  
2.18  3.34  3.30  3.09  0.48  1.42  2.10  1.54  
2.18  3.35  3.29  3.09  0.49  1.43  2.11  1.54  
2.19  3.37  3.30  3.07  0.51  1.44  2.12  1.52  
2.19  3.37  3.31  3.07  0.50  1.45  2.13  1.52  
2.19  3.39  3.33  3.05  0.48  1.46  2.14  1.50  
2.19  3.38  3.32  3.06  0.49  1.45  2.14  1.51  
2.19  3.39  3.33  3.05  0.48  1.46  2.14  1.50  
2.19  3.39  3.33  3.05  0.48  1.46  2.14  1.50  
2.19  3.39  3.33  3.04  0.48  1.47  2.15  1.50  
2.19  3.39  3.33  3.05  0.48  1.46  2.14  1.50  
2.19  3.38  3.32  3.06  0.49  1.45  2.14  1.51  
2.19  3.39  3.33  3.05  0.48  1.46  2.14  1.50  
2.20  3.40  3.34  3.03  0.47  1.48  2.16  1.49  
2.20  3.41  3.35  3.03  0.46  1.48  2.16  1.48  
2.20  3.41  3.34  3.03  0.47  1.48  2.16  1.48  
2.19  3.40  3.33  3.04  0.48  1.47  2.15  1.49  
