>> run('C:\usr\root\temp\Matlab\project_dtmf\src\goertzel_exp.m')

stdd =

  1.0e+004 *

    0.2424
    0.0010
    0.0002
    0.0001
    0.0012
    1.2669
    0.0005
    0.0004


ave =

  1.0e+004 *

    0.3492
    0.0017
    0.0002
    0.0003
    0.0014
    1.8287
    0.0006
    0.0003


threshold =

  1.0e+004 *

    0.3492
    0.0017
    0.0002
    0.0003
    0.0014
    1.8287
    0.0006
    0.0003


threshold =

  1.0e+004 *

    0.3492
    0.0500
    0.0500
    0.0500
    0.0500
    1.8287
    0.0500
    0.0500


X =

  1.0e+004 *

    0.0296    0.5797    0.5883    0.1993
    0.0000    0.0018    0.0028    0.0022
    0.0001    0.0000    0.0000    0.0006
    0.0001    0.0003    0.0004    0.0005
    0.0001    0.0009    0.0012    0.0033
    0.1658    3.0299    3.0855    1.0336
    0.0011    0.0000    0.0001    0.0012
    0.0009    0.0000    0.0000    0.0001


Y =

     0     1     1     0
     0     0     0     0
     0     0     0     0
     0     0     0     0
     0     0     0     0
     0     1     1     0
     0     0     0     0
     0     0     0     0


ref =

     []


ref =

     1
     0
     0
     0
     0
     1
     0
     0

Aha! Your number is: 2
>> run('C:\usr\root\temp\Matlab\project_dtmf\src\goertzel_exp.m')

stdd =

  1.0e+004 *

    0.2047
    0.0013
    0.0001
    0.0002
    0.0002
    0.0010
    1.2331
    0.0013


ave =

  1.0e+004 *

    0.3623
    0.0017
    0.0002
    0.0003
    0.0002
    0.0008
    2.1727
    0.0009


threshold =

  1.0e+004 *

    0.3623
    0.0017
    0.0002
    0.0003
    0.0002
    0.0008
    2.1727
    0.0009


threshold =

  1.0e+004 *

    0.3623
    0.0500
    0.0500
    0.0500
    0.0500
    0.0500
    2.1727
    0.0500


X =

  1.0e+004 *

    0.0282    0.5308    0.5283    0.3620
    0.0001    0.0031    0.0027    0.0007
    0.0002    0.0003    0.0002    0.0001
    0.0001    0.0005    0.0004    0.0000
    0.0000    0.0004    0.0004    0.0000
    0.0004    0.0001    0.0001    0.0024
    0.1817    3.2066    3.1951    2.1073
    0.0031    0.0000    0.0000    0.0004


Y =

     0     1     1     0
     0     0     0     0
     0     0     0     0
     0     0     0     0
     0     0     0     0
     0     0     0     0
     0     1     1     0
     0     0     0     0


ref =

     []


ref =

     1
     0
     0
     0
     0
     0
     1
     0

Aha! Your number is: 3
>> run('C:\usr\root\temp\Matlab\project_dtmf\src\goertzel_exp.m')

stdd =

  1.0e+004 *

    0.2047
    0.0013
    0.0001
    0.0002
    0.0002
    0.0010
    1.2331
    0.0013


ave =

  1.0e+004 *

    0.3623
    0.0017
    0.0002
    0.0003
    0.0002
    0.0008
    2.1727
    0.0009


threshold =

  1.0e+004 *

    0.3623
    0.0017
    0.0002
    0.0003
    0.0002
    0.0008
    2.1727
    0.0009


threshold =

  1.0e+004 *

    0.3623
    0.0500
    0.0500
    0.0500
    0.0500
    0.0500
    2.1727
    0.0500


X =

  1.0e+004 *

    0.0282    0.5308    0.5283    0.3620
    0.0001    0.0031    0.0027    0.0007
    0.0002    0.0003    0.0002    0.0001
    0.0001    0.0005    0.0004    0.0000
    0.0000    0.0004    0.0004    0.0000
    0.0004    0.0001    0.0001    0.0024
    0.1817    3.2066    3.1951    2.1073
    0.0031    0.0000    0.0000    0.0004


Y =

     0     1     1     0
     0     0     0     0
     0     0     0     0
     0     0     0     0
     0     0     0     0
     0     0     0     0
     0     1     1     0
     0     0     0     0


ref =

     []


ref =

     1
     0
     0
     0
     0
     0
     1
     0

Aha! Your number is: 3
>> run('C:\usr\root\temp\Matlab\project_dtmf\src\goertzel_exp.m')

stdd =

  1.0e+004 *

    0.2823
    0.0018
    0.0003
    0.0006
    0.0007
    0.0005
    1.6942
    0.0005


ave =

  1.0e+004 *

    0.5252
    0.0037
    0.0008
    0.0009
    0.0013
    0.0019
    3.1947
    0.0019


threshold =

  1.0e+004 *

    0.5252
    0.0037
    0.0008
    0.0009
    0.0013
    0.0019
    3.1947
    0.0019


threshold =

  1.0e+004 *

    0.5252
    0.0500
    0.0500
    0.0500
    0.0500
    0.0500
    3.1947
    0.0500


X =

  1.0e+004 *

    0.0368    0.6692    0.7092    0.6855
    0.0006    0.0049    0.0043    0.0049
    0.0009    0.0011    0.0003    0.0009
    0.0000    0.0013    0.0009    0.0015
    0.0000    0.0016    0.0018    0.0017
    0.0011    0.0021    0.0018    0.0024
    0.2606    4.2195    4.1472    4.1515
    0.0027    0.0017    0.0017    0.0016


Y =

     0     1     1     1
     0     0     0     0
     0     0     0     0
     0     0     0     0
     0     0     0     0
     0     0     0     0
     0     1     1     1
     0     0     0     0


ref =

     []

Aha! Your number is: 
>> run('C:\usr\root\temp\Matlab\project_dtmf\src\goertzel_exp.m')

stdd =

  1.0e+004 *

    0.2823
    0.0018
    0.0003
    0.0006
    0.0007
    0.0005
    1.6942
    0.0005


ave =

  1.0e+004 *

    0.5252
    0.0037
    0.0008
    0.0009
    0.0013
    0.0019
    3.1947
    0.0019


threshold =

  1.0e+004 *

    0.5252
    0.0037
    0.0008
    0.0009
    0.0013
    0.0019
    3.1947
    0.0019


threshold =

  1.0e+004 *

    0.5252
    0.0500
    0.0500
    0.0500
    0.0500
    0.0500
    3.1947
    0.0500


X =

  1.0e+004 *

    0.0368    0.6692    0.7092    0.6855
    0.0006    0.0049    0.0043    0.0049
    0.0009    0.0011    0.0003    0.0009
    0.0000    0.0013    0.0009    0.0015
    0.0000    0.0016    0.0018    0.0017
    0.0011    0.0021    0.0018    0.0024
    0.2606    4.2195    4.1472    4.1515
    0.0027    0.0017    0.0017    0.0016


Y =

     0     1     1     1
     0     0     0     0
     0     0     0     0
     0     0     0     0
     0     0     0     0
     0     0     0     0
     0     1     1     1
     0     0     0     0


ref =

     []

Aha! Your number is: 
>> run('C:\usr\root\temp\Matlab\project_dtmf\src\goertzel_exp.m')

stdd =

  1.0e+004 *

    0.3030
    0.0021
    0.0002
    0.0003
    0.0004
    0.0002
    2.1694
    0.0015


ave =

  1.0e+004 *

    0.3316
    0.0022
    0.0003
    0.0008
    0.0008
    0.0004
    2.3914
    0.0011


threshold =

  1.0e+004 *

    0.3316
    0.0022
    0.0003
    0.0008
    0.0008
    0.0004
    2.3914
    0.0011


threshold =

  1.0e+004 *

    0.3316
    0.0500
    0.0500
    0.0500
    0.0500
    0.0500
    2.3914
    0.0500


X =

  1.0e+004 *

    0.0314    0.6396    0.6295    0.0259
    0.0002    0.0044    0.0042    0.0002
    0.0006    0.0002    0.0002    0.0003
    0.0004    0.0010    0.0011    0.0006
    0.0001    0.0009    0.0010    0.0010
    0.0006    0.0001    0.0003    0.0005
    0.2373    4.4784    4.6417    0.2082
    0.0036    0.0000    0.0000    0.0007


Y =

     0     1     1     0
     0     0     0     0
     0     0     0     0
     0     0     0     0
     0     0     0     0
     0     0     0     0
     0     1     1     0
     0     0     0     0


ref =

     []


ref =

     1
     0
     0
     0
     0
     0
     1
     0

Aha! Your number is: 3
>> run('C:\usr\root\temp\Matlab\project_dtmf\src\goertzel_exp.m')

stdd =

  1.0e+004 *

    0.3030
    0.0021
    0.0002
    0.0003
    0.0004
    0.0002
    2.1694
    0.0015


ave =

  1.0e+004 *

    0.3316
    0.0022
    0.0003
    0.0008
    0.0008
    0.0004
    2.3914
    0.0011


threshold =

  1.0e+004 *

    0.3316
    0.0022
    0.0003
    0.0008
    0.0008
    0.0004
    2.3914
    0.0011


threshold =

  1.0e+004 *

    0.3316
    0.0500
    0.0500
    0.0500
    0.0500
    0.0500
    2.3914
    0.0500


X =

  1.0e+004 *

    0.0314    0.6396    0.6295    0.0259
    0.0002    0.0044    0.0042    0.0002
    0.0006    0.0002    0.0002    0.0003
    0.0004    0.0010    0.0011    0.0006
    0.0001    0.0009    0.0010    0.0010
    0.0006    0.0001    0.0003    0.0005
    0.2373    4.4784    4.6417    0.2082
    0.0036    0.0000    0.0000    0.0007


Y =

     0     1     1     0
     0     0     0     0
     0     0     0     0
     0     0     0     0
     0     0     0     0
     0     0     0     0
     0     1     1     0
     0     0     0     0


ref =

     []


ref =

     1
     0
     0
     0
     0
     0
     1
     0

Aha! Your number is: 3
>> run('C:\usr\root\temp\Matlab\project_dtmf\src\goertzel_exp.m')

stdd =

  1.0e+004 *

    0.2175
    0.0020
    0.0012
    0.0006
    0.0012
    0.0006
    1.2683
    0.0004


ave =

  1.0e+004 *

    0.4046
    0.0032
    0.0012
    0.0009
    0.0011
    0.0008
    2.3400
    0.0011


threshold =

  1.0e+004 *

    0.4046
    0.0032
    0.0012
    0.0009
    0.0011
    0.0008
    2.3400
    0.0011


threshold =

  1.0e+004 *

    0.4046
    0.0500
    0.0500
    0.0500
    0.0500
    0.0500
    2.3400
    0.0500


X =

  1.0e+004 *

    0.0300    0.5481    0.5476    0.4926
    0.0004    0.0056    0.0044    0.0026
    0.0000    0.0018    0.0001    0.0028
    0.0004    0.0007    0.0005    0.0020
    0.0008    0.0005    0.0001    0.0032
    0.0004    0.0018    0.0009    0.0002
    0.1757    3.2126    3.2635    2.7080
    0.0009    0.0010    0.0018    0.0006


Y =

     0     1     1     1
     0     0     0     0
     0     0     0     0
     0     0     0     0
     0     0     0     0
     0     0     0     0
     0     1     1     1
     0     0     0     0


ref =

     []

Aha! Your number is: 
>> run('C:\usr\root\temp\Matlab\project_dtmf\src\goertzel_exp.m')

stdd =

  1.0e+004 *

    0.2175
    0.0020
    0.0012
    0.0006
    0.0012
    0.0006
    1.2683
    0.0004


ave =

  1.0e+004 *

    0.4046
    0.0032
    0.0012
    0.0009
    0.0011
    0.0008
    2.3400
    0.0011


threshold =

  1.0e+004 *

    0.4046
    0.0032
    0.0012
    0.0009
    0.0011
    0.0008
    2.3400
    0.0011


threshold =

  1.0e+004 *

    0.4046
    0.0500
    0.0500
    0.0500
    0.0500
    0.0500
    2.3400
    0.0500


X =

  1.0e+004 *

    0.0300    0.5481    0.5476    0.4926
    0.0004    0.0056    0.0044    0.0026
    0.0000    0.0018    0.0001    0.0028
    0.0004    0.0007    0.0005    0.0020
    0.0008    0.0005    0.0001    0.0032
    0.0004    0.0018    0.0009    0.0002
    0.1757    3.2126    3.2635    2.7080
    0.0009    0.0010    0.0018    0.0006


Y =

     0     1     1     1
     0     0     0     0
     0     0     0     0
     0     0     0     0
     0     0     0     0
     0     0     0     0
     0     1     1     1
     0     0     0     0


ref =

     []

Aha! Your number is: 
>> run('C:\usr\root\temp\Matlab\project_dtmf\src\goertzel_exp.m')

stdd =

  1.0e+004 *

    0.3030
    0.0021
    0.0002
    0.0003
    0.0004
    0.0002
    2.1694
    0.0015


ave =

  1.0e+004 *

    0.3316
    0.0022
    0.0003
    0.0008
    0.0008
    0.0004
    2.3914
    0.0011


threshold =

  1.0e+004 *

    0.3316
    0.0022
    0.0003
    0.0008
    0.0008
    0.0004
    2.3914
    0.0011


threshold =

  1.0e+004 *

    0.3316
    0.0500
    0.0500
    0.0500
    0.0500
    0.0500
    2.3914
    0.0500


X =

  1.0e+004 *

    0.0314    0.6396    0.6295    0.0259
    0.0002    0.0044    0.0042    0.0002
    0.0006    0.0002    0.0002    0.0003
    0.0004    0.0010    0.0011    0.0006
    0.0001    0.0009    0.0010    0.0010
    0.0006    0.0001    0.0003    0.0005
    0.2373    4.4784    4.6417    0.2082
    0.0036    0.0000    0.0000    0.0007


Y =

     0     1     1     0
     0     0     0     0
     0     0     0     0
     0     0     0     0
     0     0     0     0
     0     0     0     0
     0     1     1     0
     0     0     0     0


ref =

     []


ref =

     1
     0
     0
     0
     0
     0
     1
     0

Aha! Your number is: 3
>> run('C:\usr\root\temp\Matlab\project_dtmf\src\goertzel_exp.m')

stdd =

  1.0e+004 *

    0.2047
    0.0013
    0.0001
    0.0002
    0.0002
    0.0010
    1.2331
    0.0013


ave =

  1.0e+004 *

    0.3623
    0.0017
    0.0002
    0.0003
    0.0002
    0.0008
    2.1727
    0.0009


threshold =

  1.0e+004 *

    0.3623
    0.0017
    0.0002
    0.0003
    0.0002
    0.0008
    2.1727
    0.0009


threshold =

  1.0e+004 *

    0.3623
    0.0500
    0.0500
    0.0500
    0.0500
    0.0500
    2.1727
    0.0500


X =

  1.0e+004 *

    0.0282    0.5308    0.5283    0.3620
    0.0001    0.0031    0.0027    0.0007
    0.0002    0.0003    0.0002    0.0001
    0.0001    0.0005    0.0004    0.0000
    0.0000    0.0004    0.0004    0.0000
    0.0004    0.0001    0.0001    0.0024
    0.1817    3.2066    3.1951    2.1073
    0.0031    0.0000    0.0000    0.0004


Y =

     0     1     1     0
     0     0     0     0
     0     0     0     0
     0     0     0     0
     0     0     0     0
     0     0     0     0
     0     1     1     0
     0     0     0     0


ref =

     []


ref =

     1
     0
     0
     0
     0
     0
     1
     0

Aha! Your number is: 3
>> run('C:\usr\root\temp\Matlab\project_dtmf\src\goertzel_exp.m')

stdd =

  1.0e+004 *

    0.2047
    0.0013
    0.0001
    0.0002
    0.0002
    0.0010
    1.2331
    0.0013


ave =

  1.0e+004 *

    0.3623
    0.0017
    0.0002
    0.0003
    0.0002
    0.0008
    2.1727
    0.0009


threshold =

  1.0e+004 *

    0.3623
    0.0017
    0.0002
    0.0003
    0.0002
    0.0008
    2.1727
    0.0009


threshold =

  1.0e+004 *

    0.3623
    0.0500
    0.0500
    0.0500
    0.0500
    0.0500
    2.1727
    0.0500


X =

  1.0e+004 *

    0.0282    0.5308    0.5283    0.3620
    0.0001    0.0031    0.0027    0.0007
    0.0002    0.0003    0.0002    0.0001
    0.0001    0.0005    0.0004    0.0000
    0.0000    0.0004    0.0004    0.0000
    0.0004    0.0001    0.0001    0.0024
    0.1817    3.2066    3.1951    2.1073
    0.0031    0.0000    0.0000    0.0004


Y =

     0     1     1     0
     0     0     0     0
     0     0     0     0
     0     0     0     0
     0     0     0     0
     0     0     0     0
     0     1     1     0
     0     0     0     0


ref =

     []


ref =

     1
     0
     0
     0
     0
     0
     1
     0

Aha! Your number is: 3
>> run('C:\usr\root\temp\Matlab\project_dtmf\src\goertzel_exp.m')

stdd =

  1.0e+004 *

    0.0012
    0.2914
    0.0006
    0.0001
    1.0162
    0.0005
    0.0003
    0.0002


ave =

  1.0e+004 *

    0.0015
    0.5247
    0.0015
    0.0004
    1.8481
    0.0009
    0.0004
    0.0004


threshold =

  1.0e+004 *

    0.0015
    0.5247
    0.0015
    0.0004
    1.8481
    0.0009
    0.0004
    0.0004


threshold =

  1.0e+004 *

    0.0500
    0.5247
    0.0500
    0.0500
    1.8481
    0.0500
    0.0500
    0.0500


X =

  1.0e+004 *

    0.0003    0.0021    0.0032    0.0003
    0.0388    0.7353    0.7655    0.5592
    0.0007    0.0016    0.0013    0.0024
    0.0003    0.0003    0.0005    0.0006
    0.1440    2.6203    2.6274    2.0005
    0.0002    0.0014    0.0013    0.0007
    0.0002    0.0006    0.0009    0.0000
    0.0007    0.0001    0.0004    0.0003


Y =

     0     0     0     0
     0     1     1     1
     0     0     0     0
     0     0     0     0
     0     1     1     1
     0     0     0     0
     0     0     0     0
     0     0     0     0


ref =

     []

Aha! Your number is: 
>> run('C:\usr\root\temp\Matlab\project_dtmf\src\goertzel_exp.m')

stdd =

  1.0e+004 *

    0.2466
    0.0012
    0.0003
    0.0001
    1.1158
    0.0004
    0.0003
    0.0002


ave =

  1.0e+004 *

    0.4565
    0.0017
    0.0004
    0.0002
    2.0579
    0.0006
    0.0003
    0.0002


threshold =

  1.0e+004 *

    0.4565
    0.0017
    0.0004
    0.0002
    2.0579
    0.0006
    0.0003
    0.0002


threshold =

  1.0e+004 *

    0.4565
    0.0500
    0.0500
    0.0500
    2.0579
    0.0500
    0.0500
    0.0500


X =

  1.0e+004 *

    0.0399    0.6339    0.6455    0.5065
    0.0005    0.0020    0.0035    0.0007
    0.0001    0.0003    0.0002    0.0009
    0.0002    0.0002    0.0005    0.0001
    0.1749    2.8722    2.9085    2.2758
    0.0000    0.0007    0.0009    0.0010
    0.0007    0.0002    0.0002    0.0001
    0.0005    0.0001    0.0001    0.0000


Y =

     0     1     1     1
     0     0     0     0
     0     0     0     0
     0     0     0     0
     0     1     1     1
     0     0     0     0
     0     0     0     0
     0     0     0     0


ref =

     []

Aha! Your number is: 
>> run('C:\usr\root\temp\Matlab\project_dtmf\src\goertzel_exp.m')

stdd =

  1.0e+004 *

    0.0012
    0.2914
    0.0006
    0.0001
    1.0162
    0.0005
    0.0003
    0.0002


ave =

  1.0e+004 *

    0.0015
    0.5247
    0.0015
    0.0004
    1.8481
    0.0009
    0.0004
    0.0004


threshold =

  1.0e+004 *

    0.0015
    0.5247
    0.0015
    0.0004
    1.8481
    0.0009
    0.0004
    0.0004


threshold =

  1.0e+004 *

    0.0500
    0.5247
    0.0500
    0.0500
    1.8481
    0.0500
    0.0500
    0.0500


X =

  1.0e+004 *

    0.0003    0.0021    0.0032    0.0003
    0.0388    0.7353    0.7655    0.5592
    0.0007    0.0016    0.0013    0.0024
    0.0003    0.0003    0.0005    0.0006
    0.1440    2.6203    2.6274    2.0005
    0.0002    0.0014    0.0013    0.0007
    0.0002    0.0006    0.0009    0.0000
    0.0007    0.0001    0.0004    0.0003


Y =

     0     0     0     0
     0     1     1     1
     0     0     0     0
     0     0     0     0
     0     1     1     1
     0     0     0     0
     0     0     0     0
     0     0     0     0


ref =

     []

Aha! Your number is: 
>> run('C:\usr\root\temp\Matlab\project_dtmf\src\goertzel_exp.m')

stdd =

  1.0e+004 *

    0.0004
    0.4626
    0.0005
    0.0007
    1.9325
    0.0015
    0.0004
    0.0015


ave =

  1.0e+004 *

    0.0009
    0.5882
    0.0020
    0.0008
    2.4939
    0.0028
    0.0006
    0.0041


threshold =

  1.0e+004 *

    0.0009
    0.5882
    0.0020
    0.0008
    2.4939
    0.0028
    0.0006
    0.0041


threshold =

  1.0e+004 *

    0.0500
    0.5882
    0.0500
    0.0500
    2.4939
    0.0500
    0.0500
    0.0500


X =

  1.0e+004 *

    0.0008    0.0008    0.0016    0.0005
    0.0563    1.0285    1.0669    0.2011
    0.0020    0.0025    0.0024    0.0012
    0.0010    0.0000    0.0005    0.0018
    0.2435    4.4339    4.3902    0.9079
    0.0005    0.0047    0.0027    0.0033
    0.0002    0.0006    0.0012    0.0005
    0.0034    0.0035    0.0029    0.0067


Y =

     0     0     0     0
     0     1     1     0
     0     0     0     0
     0     0     0     0
     0     1     1     0
     0     0     0     0
     0     0     0     0
     0     0     0     0


ref =

     []


ref =

     0
     1
     0
     0
     1
     0
     0
     0

Aha! Your number is: 4
>> run('C:\usr\root\temp\Matlab\project_dtmf\src\goertzel_exp.m')

stdd =

  1.0e+004 *

    0.0008
    0.3407
    0.0006
    0.0004
    1.2876
    0.0020
    0.0002
    0.0008


ave =

  1.0e+004 *

    0.0014
    0.6061
    0.0025
    0.0004
    2.2479
    0.0019
    0.0003
    0.0007


threshold =

  1.0e+004 *

    0.0014
    0.6061
    0.0025
    0.0004
    2.2479
    0.0019
    0.0003
    0.0007


threshold =

  1.0e+004 *

    0.0500
    0.6061
    0.0500
    0.0500
    2.2479
    0.0500
    0.0500
    0.0500


X =

  1.0e+004 *

    0.0005    0.0024    0.0018    0.0008
    0.0503    0.8858    0.8838    0.6046
    0.0019    0.0022    0.0025    0.0033
    0.0009    0.0000    0.0000    0.0008
    0.1769    3.3225    3.3341    2.1581
    0.0010    0.0007    0.0007    0.0053
    0.0002    0.0001    0.0002    0.0006
    0.0011    0.0000    0.0000    0.0018


Y =

     0     0     0     0
     0     1     1     0
     0     0     0     0
     0     0     0     0
     0     1     1     0
     0     0     0     0
     0     0     0     0
     0     0     0     0


ref =

     []


ref =

     0
     1
     0
     0
     1
     0
     0
     0

Aha! Your number is: 4
>> run('C:\usr\root\temp\Matlab\project_dtmf\src\goertzel_exp.m')

stdd =

  1.0e+003 *

    0.0188
    2.9931
    0.0144
    0.0044
    3.4922
    0.0180
    0.0023
    0.0013


ave =

  1.0e+003 *

    0.0386
    4.5312
    0.0224
    0.0114
    6.9594
    0.0497
    0.0077
    0.0033


threshold =

  1.0e+003 *

    0.0386
    4.5312
    0.0224
    0.0114
    6.9594
    0.0497
    0.0077
    0.0033


threshold =

  1.0e+003 *

    0.5000
    4.5312
    0.5000
    0.5000
    6.9594
    0.5000
    0.5000
    0.5000


X =

  1.0e+003 *

    0.0107    0.0353    0.0628    0.0454
    0.3582    7.5304    7.2082    3.0281
    0.0048    0.0449    0.0211    0.0188
    0.0063    0.0182    0.0094    0.0114
    1.3145    9.9737    9.7529    6.7964
    0.0319    0.0413    0.0459    0.0797
    0.0101    0.0078    0.0089    0.0040
    0.0054    0.0027    0.0031    0.0020


Y =

     0     0     0     0
     0     1     1     0
     0     0     0     0
     0     0     0     0
     0     1     1     0
     0     0     0     0
     0     0     0     0
     0     0     0     0


ref =

     []


ref =

     0
     1
     0
     0
     1
     0
     0
     0

Aha! Your number is: 4
>> run('C:\usr\root\temp\Matlab\project_dtmf\src\goertzel_exp.m')

stdd =

  1.0e+003 *

    0.0119
    2.4336
    0.0159
    0.0219
    0.0349
    9.7956
    0.0038
    0.0009


ave =

  1.0e+004 *

    0.0015
    0.3732
    0.0026
    0.0018
    0.0031
    1.4132
    0.0008
    0.0002


threshold =

  1.0e+004 *

    0.0015
    0.3732
    0.0026
    0.0018
    0.0031
    1.4132
    0.0008
    0.0002


threshold =

  1.0e+004 *

    0.0500
    0.3732
    0.0500
    0.0500
    0.0031
    1.4132
    0.0500
    0.0500


X =

  1.0e+004 *

    0.0006    0.0027    0.0027    0.0000
    0.0306    0.6210    0.5844    0.2570
    0.0001    0.0033    0.0027    0.0044
    0.0005    0.0009    0.0002    0.0056
    0.0029    0.0004    0.0001    0.0088
    0.1291    2.3688    2.3591    0.7956
    0.0002    0.0012    0.0008    0.0009
    0.0000    0.0003    0.0001    0.0002


Y =

     0     0     0     0
     0     1     1     0
     0     0     0     0
     0     0     0     0
     0     0     0     1
     0     1     1     0
     0     0     0     0
     0     0     0     0


ref =

     []


ref =

     0
     1
     0
     0
     0
     1
     0
     0

Aha! Your number is: 5
>> run('C:\usr\root\temp\Matlab\project_dtmf\src\goertzel_exp.m')

stdd =

  1.0e+003 *

    0.0119
    2.4336
    0.0159
    0.0219
    0.0349
    9.7956
    0.0038
    0.0009


ave =

  1.0e+004 *

    0.0015
    0.3732
    0.0026
    0.0018
    0.0031
    1.4132
    0.0008
    0.0002


threshold =

  1.0e+004 *

    0.0015
    0.3732
    0.0026
    0.0018
    0.0031
    1.4132
    0.0008
    0.0002


threshold =

  1.0e+004 *

    0.0500
    0.3732
    0.0500
    0.0500
    0.0031
    1.4132
    0.0500
    0.0500


X =

  1.0e+004 *

    0.0006    0.0027    0.0027    0.0000
    0.0306    0.6210    0.5844    0.2570
    0.0001    0.0033    0.0027    0.0044
    0.0005    0.0009    0.0002    0.0056
    0.0029    0.0004    0.0001    0.0088
    0.1291    2.3688    2.3591    0.7956
    0.0002    0.0012    0.0008    0.0009
    0.0000    0.0003    0.0001    0.0002


Y =

     0     0     0     0
     0     1     1     0
     0     0     0     0
     0     0     0     0
     0     0     0     1
     0     1     1     0
     0     0     0     0
     0     0     0     0


ref =

     []


ref =

     0
     1
     0
     0
     0
     1
     0
     0

Aha! Your number is: 5
>> run('C:\usr\root\temp\Matlab\project_dtmf\src\goertzel_exp.m')

stdd =

  1.0e+004 *

    0.0012
    0.2555
    0.0016
    0.0021
    0.0012
    0.0026
    1.1219
    0.0003


ave =

  1.0e+004 *

    0.0016
    0.3320
    0.0026
    0.0016
    0.0011
    0.0026
    1.3996
    0.0006


threshold =

  1.0e+004 *

    0.0016
    0.3320
    0.0026
    0.0016
    0.0011
    0.0026
    1.3996
    0.0006


threshold =

  1.0e+004 *

    0.0500
    0.3320
    0.0500
    0.0500
    0.0500
    0.0500
    1.3996
    0.0500


X =

  1.0e+004 *

    0.0004    0.0025    0.0032    0.0004
    0.0298    0.5970    0.5730    0.1282
    0.0002    0.0032    0.0024    0.0048
    0.0004    0.0007    0.0002    0.0051
    0.0007    0.0003    0.0001    0.0031
    0.0003    0.0017    0.0014    0.0069
    0.1387    2.5126    2.5211    0.4258
    0.0007    0.0007    0.0007    0.0001


Y =

     0     0     0     0
     0     1     1     0
     0     0     0     0
     0     0     0     0
     0     0     0     0
     0     0     0     0
     0     1     1     0
     0     0     0     0


ref =

     []


ref =

     0
     1
     0
     0
     0
     0
     1
     0

Aha! Your number is: 6
>> run('C:\usr\root\temp\Matlab\project_dtmf\src\goertzel_exp.m')

stdd =

  1.0e+003 *

    0.0087
    0.0086
    3.3005
    0.0125
    3.1034
    0.0201
    0.0027
    0.0013


ave =

  1.0e+003 *

    0.0131
    0.0094
    3.9929
    0.0111
    5.1230
    0.0378
    0.0144
    0.0069


threshold =

  1.0e+003 *

    0.0131
    0.0094
    3.9929
    0.0111
    5.1230
    0.0378
    0.0144
    0.0069


threshold =

  1.0e+003 *

    0.5000
    0.5000
    3.9929
    0.5000
    5.1230
    0.5000
    0.5000
    0.5000


X =

  1.0e+003 *

    0.0126    0.0113    0.0020    0.0264
    0.0159    0.0000    0.0019    0.0199
    0.4004    7.0578    7.5074    1.0062
    0.0062    0.0018    0.0040    0.0326
    1.1441    8.2463    8.0580    3.0435
    0.0300    0.0561    0.0566    0.0085
    0.0101    0.0147    0.0153    0.0177
    0.0048    0.0070    0.0073    0.0085


Y =

     0     0     0     0
     0     0     0     0
     0     1     1     0
     0     0     0     0
     0     1     1     0
     0     0     0     0
     0     0     0     0
     0     0     0     0


ref =

     []


ref =

     0
     0
     1
     0
     1
     0
     0
     0

Aha! Your number is: 7
>> run('C:\usr\root\temp\Matlab\project_dtmf\src\goertzel_exp.m')

stdd =

  1.0e+004 *

    0.0002
    0.0055
    0.3073
    0.0005
    0.0032
    1.0662
    0.0006
    0.0002


ave =

  1.0e+004 *

    0.0007
    0.0037
    0.3589
    0.0005
    0.0027
    1.2588
    0.0010
    0.0003


threshold =

  1.0e+004 *

    0.0007
    0.0037
    0.3589
    0.0005
    0.0027
    1.2588
    0.0010
    0.0003


threshold =

  1.0e+004 *

    0.0500
    0.0037
    0.3589
    0.0500
    0.0027
    1.2588
    0.0500
    0.0500


X =

  1.0e+004 *

    0.0008    0.0010    0.0004    0.0008
    0.0009    0.0000    0.0007    0.0132
    0.0347    0.6524    0.6793    0.0693
    0.0002    0.0000    0.0006    0.0012
    0.0024    0.0001    0.0002    0.0080
    0.1189    2.3088    2.3385    0.2692
    0.0001    0.0011    0.0018    0.0011
    0.0001    0.0002    0.0005    0.0004


Y =

     0     0     0     0
     0     0     0     1
     0     1     1     0
     0     0     0     0
     0     0     0     1
     0     1     1     0
     0     0     0     0
     0     0     0     0


ref =

     []

error
Aha! Your number is: 
>> run('C:\usr\root\temp\Matlab\project_dtmf\src\goertzel_exp.m')

stdd =

  1.0e+004 *

    0.0003
    0.0009
    0.3989
    0.0004
    0.0008
    1.3163
    0.0009
    0.0004


ave =

  1.0e+004 *

    0.0005
    0.0021
    0.5399
    0.0011
    0.0007
    1.8305
    0.0016
    0.0005


threshold =

  1.0e+004 *

    0.0005
    0.0021
    0.5399
    0.0011
    0.0007
    1.8305
    0.0016
    0.0005


threshold =

  1.0e+004 *

    0.0500
    0.0500
    0.5399
    0.0500
    0.0500
    1.8305
    0.0500
    0.0500


X =

  1.0e+004 *

    0.0002    0.0005    0.0002    0.0010
    0.0006    0.0023    0.0033    0.0021
    0.0423    0.9453    0.9180    0.2541
    0.0014    0.0014    0.0011    0.0004
    0.0019    0.0000    0.0000    0.0007
    0.1798    3.1172    3.1270    0.8979
    0.0008    0.0013    0.0013    0.0031
    0.0011    0.0002    0.0003    0.0004


Y =

     0     0     0     0
     0     0     0     0
     0     1     1     0
     0     0     0     0
     0     0     0     0
     0     1     1     0
     0     0     0     0
     0     0     0     0


ref =

     []


ref =

     0
     0
     1
     0
     0
     1
     0
     0

Aha! Your number is: 8
>> run('C:\usr\root\temp\Matlab\project_dtmf\src\goertzel_exp.m')

stdd =

  1.0e+004 *

    0.0003
    0.0009
    0.3989
    0.0004
    0.0008
    1.3163
    0.0009
    0.0004


ave =

  1.0e+004 *

    0.0005
    0.0021
    0.5399
    0.0011
    0.0007
    1.8305
    0.0016
    0.0005


threshold =

  1.0e+004 *

    0.0005
    0.0021
    0.5399
    0.0011
    0.0007
    1.8305
    0.0016
    0.0005


threshold =

  1.0e+004 *

    0.0500
    0.0500
    0.5399
    0.0500
    0.0500
    1.8305
    0.0500
    0.0500


X =

  1.0e+004 *

    0.0002    0.0005    0.0002    0.0010
    0.0006    0.0023    0.0033    0.0021
    0.0423    0.9453    0.9180    0.2541
    0.0014    0.0014    0.0011    0.0004
    0.0019    0.0000    0.0000    0.0007
    0.1798    3.1172    3.1270    0.8979
    0.0008    0.0013    0.0013    0.0031
    0.0011    0.0002    0.0003    0.0004


Y =

     0     0     0     0
     0     0     0     0
     0     1     1     0
     0     0     0     0
     0     0     0     0
     0     1     1     0
     0     0     0     0
     0     0     0     0


ref =

     []


ref =

     0
     0
     1
     0
     0
     1
     0
     0

Aha! Your number is: 8
>> run('C:\usr\root\temp\Matlab\project_dtmf\src\goertzel_exp.m')

stdd =

  1.0e+004 *

    0.0004
    0.0010
    0.5225
    0.0005
    0.0017
    1.8991
    0.0003
    0.0008


ave =

  1.0e+004 *

    0.0005
    0.0023
    0.5771
    0.0009
    0.0014
    2.0920
    0.0003
    0.0005


threshold =

  1.0e+004 *

    0.0005
    0.0023
    0.5771
    0.0009
    0.0014
    2.0920
    0.0003
    0.0005


threshold =

  1.0e+004 *

    0.0500
    0.0500
    0.5771
    0.0500
    0.0500
    2.0920
    0.0500
    0.0500


X =

  1.0e+004 *

    0.0013    0.0002    0.0002    0.0004
    0.0025    0.0029    0.0032    0.0007
    0.0606    1.1003    1.0990    0.0487
    0.0012    0.0005    0.0004    0.0015
    0.0005    0.0004    0.0005    0.0043
    0.2139    3.9896    3.9926    0.1719
    0.0004    0.0000    0.0000    0.0007
    0.0018    0.0000    0.0000    0.0001


Y =

     0     0     0     0
     0     0     0     0
     0     1     1     0
     0     0     0     0
     0     0     0     0
     0     1     1     0
     0     0     0     0
     0     0     0     0


ref =

     []


ref =

     0
     0
     1
     0
     0
     1
     0
     0

Aha! Your number is: 8
>> run('C:\usr\root\temp\Matlab\project_dtmf\src\goertzel_exp.m')

stdd =

  1.0e+004 *

    0.0002
    0.0055
    0.3073
    0.0005
    0.0032
    1.0662
    0.0006
    0.0002


ave =

  1.0e+004 *

    0.0007
    0.0037
    0.3589
    0.0005
    0.0027
    1.2588
    0.0010
    0.0003


threshold =

  1.0e+004 *

    0.0007
    0.0037
    0.3589
    0.0005
    0.0027
    1.2588
    0.0010
    0.0003


threshold =

  1.0e+004 *

    0.0500
    0.0037
    0.3589
    0.0500
    0.0027
    1.2588
    0.0500
    0.0500


X =

  1.0e+004 *

    0.0008    0.0010    0.0004    0.0008
    0.0009    0.0000    0.0007    0.0132
    0.0347    0.6524    0.6793    0.0693
    0.0002    0.0000    0.0006    0.0012
    0.0024    0.0001    0.0002    0.0080
    0.1189    2.3088    2.3385    0.2692
    0.0001    0.0011    0.0018    0.0011
    0.0001    0.0002    0.0005    0.0004


Y =

     0     0     0     0
     0     0     0     1
     0     1     1     0
     0     0     0     0
     0     0     0     1
     0     1     1     0
     0     0     0     0
     0     0     0     0


ref =

     []

error
Aha! Your number is: 
>> run('C:\usr\root\temp\Matlab\project_dtmf\src\goertzel_exp.m')

stdd =

  1.0e+004 *

    0.0002
    0.0055
    0.3073
    0.0005
    0.0032
    1.0662
    0.0006
    0.0002


ave =

  1.0e+004 *

    0.0007
    0.0037
    0.3589
    0.0005
    0.0027
    1.2588
    0.0010
    0.0003


threshold =

  1.0e+004 *

    0.0007
    0.0037
    0.3589
    0.0005
    0.0027
    1.2588
    0.0010
    0.0003


threshold =

  1.0e+004 *

    0.0500
    0.0500
    0.3589
    0.0500
    0.0500
    1.2588
    0.0500
    0.0500


X =

  1.0e+004 *

    0.0008    0.0010    0.0004    0.0008
    0.0009    0.0000    0.0007    0.0132
    0.0347    0.6524    0.6793    0.0693
    0.0002    0.0000    0.0006    0.0012
    0.0024    0.0001    0.0002    0.0080
    0.1189    2.3088    2.3385    0.2692
    0.0001    0.0011    0.0018    0.0011
    0.0001    0.0002    0.0005    0.0004


Y =

     0     0     0     0
     0     0     0     0
     0     1     1     0
     0     0     0     0
     0     0     0     0
     0     1     1     0
     0     0     0     0
     0     0     0     0


ref =

     []


ref =

     0
     0
     1
     0
     0
     1
     0
     0

Aha! Your number is: 8
>> run('C:\usr\root\temp\Matlab\project_dtmf\src\goertzel_exp.m')

stdd =

  1.0e+004 *

    0.0003
    0.0003
    0.3582
    0.0008
    0.0002
    1.2062
    0.0019
    0.0005


ave =

  1.0e+004 *

    0.0002
    0.0022
    0.4899
    0.0009
    0.0003
    1.6510
    0.0011
    0.0004


threshold =

  1.0e+004 *

    0.0002
    0.0022
    0.4899
    0.0009
    0.0003
    1.6510
    0.0011
    0.0004


threshold =

  1.0e+004 *

    0.0500
    0.0500
    0.4899
    0.0500
    0.0500
    1.6510
    0.0500
    0.0500


X =

  1.0e+004 *

    0.0007    0.0000    0.0000    0.0000    0.0002
    0.0016    0.0024    0.0021    0.0020    0.0026
    0.0433    0.7813    0.7813    0.7843    0.0591
    0.0015    0.0003    0.0003    0.0003    0.0022
    0.0002    0.0002    0.0003    0.0003    0.0006
    0.1411    2.6400    2.6434    2.6239    0.2068
    0.0007    0.0000    0.0000    0.0000    0.0048
    0.0012    0.0000    0.0000    0.0000    0.0007


Y =

     0     0     0     0     0
     0     0     0     0     0
     0     1     1     1     0
     0     0     0     0     0
     0     0     0     0     0
     0     1     1     1     0
     0     0     0     0     0
     0     0     0     0     0


ref =

     []


ref =

     0
     0
     1
     0
     0
     1
     0
     0

Aha! Your number is: 8
>> run('C:\usr\root\temp\Matlab\project_dtmf\src\goertzel_exp.m')

stdd =

  1.0e+004 *

    0.0003
    0.0010
    0.3546
    0.0007
    1.0385
    0.0005
    0.0001
    0.0001


ave =

  1.0e+004 *

    0.0004
    0.0024
    0.5244
    0.0009
    1.5157
    0.0011
    0.0001
    0.0002


threshold =

  1.0e+004 *

    0.0004
    0.0024
    0.5244
    0.0009
    1.5157
    0.0011
    0.0001
    0.0002


threshold =

  1.0e+004 *

    0.0500
    0.0500
    0.5244
    0.0500
    1.5157
    0.0500
    0.0500
    0.0500


X =

  1.0e+004 *

    0.0009    0.0001    0.0002    0.0005
    0.0019    0.0030    0.0036    0.0011
    0.0494    0.8693    0.8633    0.3156
    0.0017    0.0002    0.0002    0.0016
    0.1353    2.5121    2.5268    0.8889
    0.0005    0.0008    0.0012    0.0019
    0.0000    0.0001    0.0004    0.0000
    0.0004    0.0001    0.0002    0.0001


Y =

     0     0     0     0
     0     0     0     0
     0     1     1     0
     0     0     0     0
     0     1     1     0
     0     0     0     0
     0     0     0     0
     0     0     0     0


ref =

     []


ref =

     0
     0
     1
     0
     1
     0
     0
     0

Aha! Your number is: 7
>> run('C:\usr\root\temp\Matlab\project_dtmf\src\goertzel_exp.m')

stdd =

  1.0e+004 *

    0.2466
    0.0012
    0.0003
    0.0001
    1.1158
    0.0004
    0.0003
    0.0002


ave =

  1.0e+004 *

    0.4565
    0.0017
    0.0004
    0.0002
    2.0579
    0.0006
    0.0003
    0.0002


threshold =

  1.0e+004 *

    0.4565
    0.0017
    0.0004
    0.0002
    2.0579
    0.0006
    0.0003
    0.0002


threshold =

  1.0e+004 *

    0.4565
    0.0500
    0.0500
    0.0500
    2.0579
    0.0500
    0.0500
    0.0500


X =

  1.0e+004 *

    0.0399    0.6339    0.6455    0.5065
    0.0005    0.0020    0.0035    0.0007
    0.0001    0.0003    0.0002    0.0009
    0.0002    0.0002    0.0005    0.0001
    0.1749    2.8722    2.9085    2.2758
    0.0000    0.0007    0.0009    0.0010
    0.0007    0.0002    0.0002    0.0001
    0.0005    0.0001    0.0001    0.0000


Y =

     0     1     1     1
     0     0     0     0
     0     0     0     0
     0     0     0     0
     0     1     1     1
     0     0     0     0
     0     0     0     0
     0     0     0     0


ref =

     []

Aha! Your number is: 
>> run('C:\usr\root\temp\Matlab\project_dtmf\src\goertzel_exp.m')

stdd =

  1.0e+004 *

    0.3364
    0.0010
    0.0002
    0.0001
    2.0261
    0.0014
    0.0007
    0.0003


ave =

  1.0e+004 *

    0.6203
    0.0015
    0.0003
    0.0002
    3.7742
    0.0033
    0.0010
    0.0005


threshold =

  1.0e+004 *

    0.6203
    0.0015
    0.0003
    0.0002
    3.7742
    0.0033
    0.0010
    0.0005


threshold =

  1.0e+004 *

    0.6203
    0.0500
    0.0500
    0.0500
    3.7742
    0.0500
    0.0500
    0.0500


X =

  1.0e+004 *

    0.0397    0.8227    0.8495    0.7690
    0.0002    0.0025    0.0024    0.0009
    0.0000    0.0003    0.0005    0.0003
    0.0003    0.0004    0.0001    0.0001
    0.2652    4.9621    4.9032    4.9666
    0.0015    0.0051    0.0024    0.0040
    0.0001    0.0015    0.0005    0.0018
    0.0007    0.0009    0.0002    0.0004


Y =

     0     1     1     1
     0     0     0     0
     0     0     0     0
     0     0     0     0
     0     1     1     1
     0     0     0     0
     0     0     0     0
     0     0     0     0


ref =

     []

Aha! Your number is: 
>> run('C:\usr\root\temp\Matlab\project_dtmf\src\goertzel_exp.m')

stdd =

  1.0e+004 *

    0.3396
    0.0020
    0.0004
    0.0003
    1.5316
    0.0009
    0.0002
    0.0008


ave =

  1.0e+004 *

    0.6622
    0.0036
    0.0005
    0.0004
    2.9712
    0.0015
    0.0003
    0.0007


threshold =

  1.0e+004 *

    0.6622
    0.0036
    0.0005
    0.0004
    2.9712
    0.0015
    0.0003
    0.0007


threshold =

  1.0e+004 *

    0.6622
    0.0500
    0.0500
    0.0500
    2.9712
    0.0500
    0.0500
    0.0500


X =

  1.0e+004 *

    0.0462    0.9116    0.9072    0.9071    0.5391
    0.0004    0.0063    0.0041    0.0027    0.0048
    0.0007    0.0001    0.0002    0.0003    0.0012
    0.0004    0.0010    0.0004    0.0002    0.0000
    0.2202    4.1496    4.0996    4.0302    2.3566
    0.0009    0.0018    0.0011    0.0007    0.0031
    0.0001    0.0007    0.0004    0.0003    0.0000
    0.0007    0.0002    0.0001    0.0001    0.0022


Y =

     0     1     1     1     0
     0     0     0     0     0
     0     0     0     0     0
     0     0     0     0     0
     0     1     1     1     0
     0     0     0     0     0
     0     0     0     0     0
     0     0     0     0     0


ref =

     []


ref =

     1
     0
     0
     0
     1
     0
     0
     0

Aha! Your number is: 1
>> run('C:\usr\root\temp\Matlab\project_dtmf\src\goertzel_exp.m')

stdd =

  1.0e+003 *

    2.6030
    0.0213
    0.0087
    0.0095
    4.8314
    0.0200
    0.0017
    0.0023


ave =

  1.0e+004 *

    0.4861
    0.0048
    0.0016
    0.0021
    1.0010
    0.0037
    0.0011
    0.0005


threshold =

  1.0e+004 *

    0.4861
    0.0048
    0.0016
    0.0021
    1.0010
    0.0037
    0.0011
    0.0005


threshold =

  1.0e+004 *

    0.4861
    0.0500
    0.0500
    0.0500
    1.0010
    0.0500
    0.0500
    0.0500


X =

  1.0e+004 *

    0.0364    0.6587    0.6421    0.6072
    0.0013    0.0060    0.0070    0.0047
    0.0005    0.0021    0.0028    0.0012
    0.0005    0.0023    0.0028    0.0028
    0.1648    1.3073    1.2780    1.2539
    0.0043    0.0052    0.0050    0.0003
    0.0012    0.0010    0.0009    0.0013
    0.0006    0.0003    0.0003    0.0009


Y =

     0     1     1     1
     0     0     0     0
     0     0     0     0
     0     0     0     0
     0     1     1     1
     0     0     0     0
     0     0     0     0
     0     0     0     0


ref =

     []

Aha! Your number is: 
>> run('C:\usr\root\temp\Matlab\project_dtmf\src\goertzel_exp.m')

stdd =

  1.0e+004 *

    0.2466
    0.0012
    0.0003
    0.0001
    1.1158
    0.0004
    0.0003
    0.0002


ave =

  1.0e+004 *

    0.4565
    0.0017
    0.0004
    0.0002
    2.0579
    0.0006
    0.0003
    0.0002


threshold =

  1.0e+004 *

    0.4565
    0.0017
    0.0004
    0.0002
    2.0579
    0.0006
    0.0003
    0.0002


threshold =

  1.0e+004 *

    0.4565
    0.0500
    0.0500
    0.0500
    2.0579
    0.0500
    0.0500
    0.0500


X =

  1.0e+004 *

    0.0399    0.6339    0.6455    0.5065
    0.0005    0.0020    0.0035    0.0007
    0.0001    0.0003    0.0002    0.0009
    0.0002    0.0002    0.0005    0.0001
    0.1749    2.8722    2.9085    2.2758
    0.0000    0.0007    0.0009    0.0010
    0.0007    0.0002    0.0002    0.0001
    0.0005    0.0001    0.0001    0.0000


Y =

     0     1     1     1
     0     0     0     0
     0     0     0     0
     0     0     0     0
     0     1     1     1
     0     0     0     0
     0     0     0     0
     0     0     0     0


ref =

     []

Aha! Your number is: 
>> run('C:\usr\root\temp\Matlab\project_dtmf\src\goertzel_exp.m')

stdd =

  1.0e+004 *

    0.3364
    0.0010
    0.0002
    0.0001
    2.0261
    0.0014
    0.0007
    0.0003


ave =

  1.0e+004 *

    0.6203
    0.0015
    0.0003
    0.0002
    3.7742
    0.0033
    0.0010
    0.0005


threshold =

  1.0e+004 *

    0.6203
    0.0015
    0.0003
    0.0002
    3.7742
    0.0033
    0.0010
    0.0005


threshold =

  1.0e+004 *

    0.6203
    0.0500
    0.0500
    0.0500
    3.7742
    0.0500
    0.0500
    0.0500


X =

  1.0e+004 *

    0.0397    0.8227    0.8495    0.7690
    0.0002    0.0025    0.0024    0.0009
    0.0000    0.0003    0.0005    0.0003
    0.0003    0.0004    0.0001    0.0001
    0.2652    4.9621    4.9032    4.9666
    0.0015    0.0051    0.0024    0.0040
    0.0001    0.0015    0.0005    0.0018
    0.0007    0.0009    0.0002    0.0004


Y =

     0     1     1     1
     0     0     0     0
     0     0     0     0
     0     0     0     0
     0     1     1     1
     0     0     0     0
     0     0     0     0
     0     0     0     0


ref =

     []

Aha! Your number is: 
>> run('C:\usr\root\temp\Matlab\project_dtmf\src\goertzel_exp.m')

stdd =

  1.0e+004 *

    0.3364
    0.0010
    0.0002
    0.0001
    2.0261
    0.0014
    0.0007
    0.0003


ave =

  1.0e+004 *

    0.6203
    0.0015
    0.0003
    0.0002
    3.7742
    0.0033
    0.0010
    0.0005


threshold =

  1.0e+004 *

    0.6203
    0.0015
    0.0003
    0.0002
    3.7742
    0.0033
    0.0010
    0.0005


threshold =

  1.0e+004 *

    0.6203
    0.0500
    0.0500
    0.0500
    3.7742
    0.0500
    0.0500
    0.0500


X =

  1.0e+004 *

    0.0397    0.8227    0.8495    0.7690
    0.0002    0.0025    0.0024    0.0009
    0.0000    0.0003    0.0005    0.0003
    0.0003    0.0004    0.0001    0.0001
    0.2652    4.9621    4.9032    4.9666
    0.0015    0.0051    0.0024    0.0040
    0.0001    0.0015    0.0005    0.0018
    0.0007    0.0009    0.0002    0.0004


Y =

     0     1     1     1
     0     0     0     0
     0     0     0     0
     0     0     0     0
     0     1     1     1
     0     0     0     0
     0     0     0     0
     0     0     0     0


ref =

     []

Aha! Your number is: 
>> run('C:\usr\root\temp\Matlab\project_dtmf\src\goertzel_exp.m')

stdd =

  1.0e+004 *

    0.0001
    0.0022
    0.4747
    0.0003
    0.0004
    0.0010
    1.5437
    0.0010


ave =

  1.0e+004 *

    0.0002
    0.0030
    0.6194
    0.0011
    0.0007
    0.0017
    2.1203
    0.0016


threshold =

  1.0e+004 *

    0.0002
    0.0030
    0.6194
    0.0011
    0.0007
    0.0017
    2.1203
    0.0016


threshold =

  1.0e+004 *

    0.0500
    0.0500
    0.6194
    0.0500
    0.0500
    0.0500
    2.1203
    0.0500


X =

  1.0e+004 *

    0.0001    0.0001    0.0002    0.0001
    0.0003    0.0061    0.0038    0.0019
    0.0414    1.0919    1.0836    0.2607
    0.0007    0.0012    0.0015    0.0011
    0.0004    0.0012    0.0004    0.0011
    0.0005    0.0014    0.0015    0.0033
    0.2041    3.6446    3.6315    1.0011
    0.0027    0.0018    0.0019    0.0000


Y =

     0     0     0     0
     0     0     0     0
     0     1     1     0
     0     0     0     0
     0     0     0     0
     0     0     0     0
     0     1     1     0
     0     0     0     0


ref =

     []


ref =

     0
     0
     1
     0
     0
     0
     1
     0

Aha! Your number is: 9
>> run('C:\usr\root\temp\Matlab\project_dtmf\src\goertzel_exp.m')

stdd =

  1.0e+004 *

    0.0002
    0.0002
    0.0005
    0.6117
    1.7915
    0.0009
    0.0259
    0.0004


ave =

  1.0e+004 *

    0.0005
    0.0004
    0.0012
    0.7282
    2.1445
    0.0021
    0.0295
    0.0005


threshold =

  1.0e+004 *

    0.0005
    0.0004
    0.0012
    0.7282
    2.1445
    0.0021
    0.0295
    0.0005


threshold =

  1.0e+004 *

    0.0500
    0.0500
    0.0500
    0.7282
    2.1445
    0.0500
    0.0295
    0.0500


X =

  1.0e+004 *

    0.0002    0.0009    0.0004    0.0006
    0.0004    0.0005    0.0001    0.0007
    0.0016    0.0015    0.0012    0.0005
    0.0717    1.3242    1.3538    0.1631
    0.2086    3.9507    3.9152    0.5036
    0.0015    0.0030    0.0029    0.0010
    0.0008    0.0559    0.0548    0.0064
    0.0002    0.0003    0.0004    0.0012


Y =

     0     0     0     0
     0     0     0     0
     0     0     0     0
     0     1     1     0
     0     1     1     0
     0     0     0     0
     0     1     1     0
     0     0     0     0


ref =

     []


ref =

     []

Aha! Your number is: 
>> run('C:\usr\root\temp\Matlab\project_dtmf\src\goertzel_exp.m')

stdd =

  1.0e+004 *

    0.0004
    0.0013
    0.0008
    0.6492
    1.7056
    0.0005
    0.0107
    0.0002


ave =

  1.0e+004 *

    0.0031
    0.0013
    0.0043
    0.9885
    2.6023
    0.0021
    0.0175
    0.0003


threshold =

  1.0e+004 *

    0.0031
    0.0013
    0.0043
    0.9885
    2.6023
    0.0021
    0.0175
    0.0003


threshold =

  1.0e+004 *

    0.0500
    0.0500
    0.0500
    0.9885
    2.6023
    0.0500
    0.0175
    0.0500


X =

  1.0e+004 *

    0.0036    0.0028    0.0029
    0.0032    0.0004    0.0003
    0.0049    0.0033    0.0049
    0.0710    1.4770    1.4175
    0.1905    3.8426    3.7738
    0.0021    0.0026    0.0014
    0.0030    0.0208    0.0285
    0.0002    0.0006    0.0002


Y =

     0     0     0
     0     0     0
     0     0     0
     0     1     1
     0     1     1
     0     0     0
     0     1     1
     0     0     0


ref =

     []

Aha! Your number is: 
>> run('C:\usr\root\temp\Matlab\project_dtmf\src\goertzel_exp.m')

stdd =

  1.0e+003 *

    0.0037
    0.0097
    0.0150
    1.9978
    2.4822
    0.0092
    0.0034
    0.0024


ave =

  1.0e+003 *

    0.0105
    0.0129
    0.0243
    3.7955
    5.1295
    0.0466
    0.0129
    0.0073


threshold =

  1.0e+003 *

    0.0105
    0.0129
    0.0243
    3.7955
    5.1295
    0.0466
    0.0129
    0.0073


threshold =

  1.0e+003 *

    0.5000
    0.5000
    0.5000
    3.7955
    5.1295
    0.5000
    0.5000
    0.5000


X =

  1.0e+003 *

    0.0155    0.0058    0.0124    0.0086
    0.0258    0.0076    0.0177    0.0003
    0.0420    0.0162    0.0349    0.0040
    0.3688    5.1034    5.2205    4.4892
    0.8304    6.5575    6.5992    6.5310
    0.0365    0.0550    0.0383    0.0565
    0.0129    0.0142    0.0075    0.0170
    0.0082    0.0072    0.0037    0.0103


Y =

     0     0     0     0
     0     0     0     0
     0     0     0     0
     0     1     1     1
     0     1     1     1
     0     0     0     0
     0     0     0     0
     0     0     0     0


ref =

     []

Aha! Your number is: 
>> run('C:\usr\root\temp\Matlab\project_dtmf\src\goertzel_exp.m')

stdd =

  1.0e+004 *

    0.0003
    0.0007
    0.0003
    0.4074
    1.0421
    0.0015
    0.0002
    0.0002


ave =

  1.0e+004 *

    0.0007
    0.0007
    0.0026
    0.5138
    1.3069
    0.0021
    0.0004
    0.0003


threshold =

  1.0e+004 *

    0.0007
    0.0007
    0.0026
    0.5138
    1.3069
    0.0021
    0.0004
    0.0003


threshold =

  1.0e+004 *

    0.0500
    0.0500
    0.0500
    0.5138
    1.3069
    0.0500
    0.0500
    0.0500


X =

  1.0e+004 *

    0.0011    0.0008    0.0003    0.0005
    0.0019    0.0002    0.0001    0.0008
    0.0028    0.0027    0.0022    0.0027
    0.0417    0.9253    0.9114    0.1768
    0.1147    2.3676    2.3183    0.4270
    0.0011    0.0014    0.0010    0.0047
    0.0002    0.0005    0.0004    0.0007
    0.0001    0.0004    0.0001    0.0005


Y =

     0     0     0     0
     0     0     0     0
     0     0     0     0
     0     1     1     0
     0     1     1     0
     0     0     0     0
     0     0     0     0
     0     0     0     0


ref =

     []


ref =

     0
     0
     0
     1
     1
     0
     0
     0

Aha! Your number is: *
>> run('C:\usr\root\temp\Matlab\project_dtmf\src\goertzel_exp.m')

stdd =

  1.0e+004 *

    0.0002
    0.0004
    0.0003
    0.3392
    0.0005
    1.0240
    0.0000
    0.0004


ave =

  1.0e+004 *

    0.0004
    0.0004
    0.0016
    0.5273
    0.0011
    1.5817
    0.0001
    0.0005


threshold =

  1.0e+004 *

    0.0004
    0.0004
    0.0016
    0.5273
    0.0011
    1.5817
    0.0001
    0.0005


threshold =

  1.0e+004 *

    0.0500
    0.0500
    0.0500
    0.5273
    0.0500
    1.5817
    0.0500
    0.0500


X =

  1.0e+004 *

    0.0006    0.0004    0.0001    0.0005
    0.0011    0.0000    0.0000    0.0006
    0.0020    0.0018    0.0013    0.0014
    0.0394    0.8477    0.8406    0.3812
    0.0009    0.0010    0.0006    0.0019
    0.1234    2.5291    2.5582    1.1163
    0.0001    0.0001    0.0002    0.0001
    0.0007    0.0000    0.0000    0.0010


Y =

     0     0     0     0
     0     0     0     0
     0     0     0     0
     0     1     1     0
     0     0     0     0
     0     1     1     0
     0     0     0     0
     0     0     0     0


ref =

     []


ref =

     0
     0
     0
     1
     0
     1
     0
     0

Aha! Your number is: 0
>> run('C:\usr\root\temp\Matlab\project_dtmf\src\goertzel_exp.m')

stdd =

  1.0e+004 *

    0.0002
    0.0004
    0.0003
    0.3392
    0.0005
    1.0240
    0.0000
    0.0004


ave =

  1.0e+004 *

    0.0004
    0.0004
    0.0016
    0.5273
    0.0011
    1.5817
    0.0001
    0.0005


threshold =

  1.0e+004 *

    0.0004
    0.0004
    0.0016
    0.5273
    0.0011
    1.5817
    0.0001
    0.0005


threshold =

  1.0e+004 *

    0.0500
    0.0500
    0.0500
    0.5273
    0.0500
    1.5817
    0.0500
    0.0500


X =

  1.0e+004 *

    0.0006    0.0004    0.0001    0.0005
    0.0011    0.0000    0.0000    0.0006
    0.0020    0.0018    0.0013    0.0014
    0.0394    0.8477    0.8406    0.3812
    0.0009    0.0010    0.0006    0.0019
    0.1234    2.5291    2.5582    1.1163
    0.0001    0.0001    0.0002    0.0001
    0.0007    0.0000    0.0000    0.0010


Y =

     0     0     0     0
     0     0     0     0
     0     0     0     0
     0     1     1     0
     0     0     0     0
     0     1     1     0
     0     0     0     0
     0     0     0     0


ref =

     []


ref =

     0
     0
     0
     1
     0
     1
     0
     0

Aha! Your number is: 0
>> run('C:\usr\root\temp\Matlab\project_dtmf\src\goertzel_exp.m')

stdd =

  1.0e+004 *

    0.0002
    0.0004
    0.0004
    0.3096
    0.0004
    0.0003
    1.0361
    0.0009


ave =

  1.0e+004 *

    0.0004
    0.0006
    0.0018
    0.4399
    0.0007
    0.0004
    1.4826
    0.0007


threshold =

  1.0e+004 *

    0.0004
    0.0006
    0.0018
    0.4399
    0.0007
    0.0004
    1.4826
    0.0007


threshold =

  1.0e+004 *

    0.0500
    0.0500
    0.0500
    0.4399
    0.0500
    0.0500
    1.4826
    0.0500


X =

  1.0e+004 *

    0.0006    0.0004    0.0002
    0.0011    0.0002    0.0004
    0.0017    0.0014    0.0024
    0.0373    0.7901    0.4922
    0.0002    0.0008    0.0012
    0.0001    0.0003    0.0008
    0.1365    2.6568    1.6545
    0.0019    0.0000    0.0001


Y =

     0     0     0
     0     0     0
     0     0     0
     0     1     1
     0     0     0
     0     0     0
     0     1     1
     0     0     0


ref =

     []

Aha! Your number is: 
>> run('C:\usr\root\temp\Matlab\project_dtmf\src\goertzel_exp.m')

stdd =

  1.0e+003 *

    0.0031
    0.0031
    0.0093
    1.9636
    0.0211
    0.0039
    9.1234
    0.0022


ave =

  1.0e+004 *

    0.0006
    0.0014
    0.0015
    0.3387
    0.0018
    0.0007
    1.4450
    0.0007


threshold =

  1.0e+004 *

    0.0006
    0.0014
    0.0015
    0.3387
    0.0018
    0.0007
    1.4450
    0.0007


threshold =

  1.0e+004 *

    0.0500
    0.0500
    0.0500
    0.3387
    0.0500
    0.0500
    1.4450
    0.0500


X =

  1.0e+004 *

    0.0010    0.0002    0.0003    0.0007
    0.0016    0.0009    0.0016    0.0013
    0.0030    0.0014    0.0013    0.0003
    0.0386    0.5139    0.5145    0.2880
    0.0016    0.0002    0.0003    0.0054
    0.0005    0.0011    0.0010    0.0001
    0.1197    2.2873    2.2977    1.0754
    0.0004    0.0008    0.0009    0.0005


Y =

     0     0     0     0
     0     0     0     0
     0     0     0     0
     0     1     1     0
     0     0     0     0
     0     0     0     0
     0     1     1     0
     0     0     0     0


ref =

     []


ref =

     0
     0
     0
     1
     0
     0
     1
     0

Aha! Your number is: #

