
Data Before: 
        38       7719      21238       2437       8855      11797       8365 
     32285      10450      30612       5853      28100       1142        281 
     20537      15921       8945      26285       2997      14680      20976 
     31891      21655      25906      18457       1323      28881       2240 
      9725      32278       2446        590        840      18587      16907 
     21237      23611      12617      12456        867      29533       6878 
     28223      17887      31597      20584      12212      31111       7578 
     17066       7629      29404      12279      13505      24388      11649 
     12329       7176       2331      19264      22114      14136      26928 
      1102      21652       8404      24337      27856       5598      24772 
     14097      13213       4683      16703      15260      15942       2747 
     27375      28871      18004      16673       3152      11819      23504 
       239       4186       2804      28937       3023      10335      20533 
     21393      16020      11574      25983      13961        624       7065 
     27569      12830 

Data After: 
        38        239        281        590        624        840        867 
      1102       1142       1323       2240       2331       2437       2446 
      2747       2804       2997       3023       3152       4186       4683 
      5598       5853       6878       7065       7176       7578       7629 
      7719       8365       8404       8855       8945       9725      10335 
     10450      11574      11649      11797      11819      12212      12279 
     12329      12456      12617      12830      13213      13505      13961 
     14097      14136      14680      15260      15921      15942      16020 
     16673      16703      16907      17066      17887      18004      18457 
     18587      19264      20533      20537      20584      20976      21237 
     21238      21393      21652      21655      22114      23504      23611 
     24337      24388      24772      25906      25983      26285      26928 
     27375      27569      27856      28100      28223      28871      28881 
     28937      29404      29533      30612      31111      31597      31891 
     32278      32285 
File: sort.cpp
106 output_data 2
109 2
111 2
119 30
122 200
126 2
135 process_command_line 1
146 4
156 1
158 1
160 1
164 1
165 1
36 main 1
39 1
43 1
47 1
49 1
54 1
55 1
63 1
73 1
74 1
84 generate_random_data 1
87 1
91 1
99 100


